2302,416 5894,345 5965,205 4482,434 2634,39 3705,236 1864,310 1416,190 6061,241 8363,222 6276,91 4655,313 4013,321 1960,99 7253,191 
4821,31 9615,297 4920,278 9338,357 2872,41 1686,467 9085,299 7945,23 6848,75 9287,429 7148,48 5055,312 4799,71 373,180 849,279 
6776,401 5039,29 616,363 3406,132 2207,146 6294,240 3854,417 8543,333 7508,292 1725,389 829,499 2967,283 6780,482 8748,400 4458,176 
1725,196 5215,61 5479,370 2798,209 6250,260 2273,343 7816,392 5175,66 4728,302 779,92 1909,24 9172,117 5848,195 3738,463 2475,255 
4592,60 6348,339 1984,157 6521,483 9741,432 7544,365 2755,110 1586,48 6907,61 1749,406 3289,286 9568,63 4788,314 8468,116 7862,399 
1848,37 2383,149 1255,210 2975,348 7397,350 2526,364 8632,179 2886,263 2987,4 4465,489 8444,149 7395,264 3124,289 1590,494 8932,435 
6366,347 6357,278 2437,295 4998,291 5091,263 9274,354 8450,207 5381,261 9679,13 9572,398 9478,45 6710,118 6339,46 3997,22 1346,498 
1839,219 5269,325 9887,156 1890,420 2359,315 7616,58 3498,42 6251,323 8727,458 7452,229 5523,7 9532,355 4810,240 577,326 212,434 
6480,454 5101,23 3487,406 1058,145 723,495 5886,179 635,158 4813,317 9815,371 3808,31 735,62 7749,372 592,201 8241,412 7179,478 
341,169 470,130 5756,440 6071,450 1906,471 5590,90 3885,498 8701,467 9447,289 3369,167 7067,33 9865,3 4250,482 2223,284 2881,378 
7242,34 7988,46 436,329 9707,70 3938,383 637,105 9262,215 763,63 4012,238 8017,42 810,421 6369,385 3159,318 6034,216 5072,241 
9067,328 4874,321 5003,330 7671,436 8821,79 9157,312 4654,398 2248,231 705,475 3626,273 8524,430 2485,48 158,260 6664,192 4160,97 
1563,260 3794,264 5014,70 9843,183 6254,328 181,495 8959,429 8592,152 7156,218 1793,419 503,79 2243,453 2465,266 5903,15 9816,442 
3933,414 2880,382 1635,307 8468,315 2901,446 9003,285 8721,450 2530,423 5715,405 5526,177 5338,426 2159,51 5130,54 654,241 6992,301 
5818,88 2039,71 4239,194 1003,314 7659,496 205,219 6159,406 6229,411 2920,203 3634,234 3954,30 2943,311 8615,402 7828,14 1475,81 
3067,120 177,151 7067,325 3252,360 3870,86 8193,22 7315,361 9407,197 2103,259 4417,487 4390,269 8062,259 5696,367 9594,62 2311,319 
6628,126 6455,227 1820,2 2258,13 4190,54 7853,220 6006,195 718,112 6743,392 5851,368 7709,482 1910,487 9238,194 6071,107 6147,220 
2652,351 1838,121 5926,334 3894,388 2070,135 853,41 8958,320 4703,422 3239,290 1623,337 7561,155 4591,30 8741,108 5908,105 6625,42 
118,42 5685,469 6235,489 192,32 2257,163 9394,441 4795,384 9105,90 4914,270 5740,372 1801,48 1580,419 8293,59 5817,52 6364,460 
3417,336 3830,344 710,94 9728,477 7503,416 2500,60 2443,315 6030,238 5750,488 3776,255 5588,193 3287,136 8758,269 4137,29 7964,384 
5850,44 6045,21 7203,258 5426,43 7799,112 4746,499 7344,27 5068,496 298,327 2581,456 5140,466 7708,327 6100,478 948,101 4078,121 
7709,40 9142,109 3488,16 5095,381 3349,117 3979,196 8960,223 6587,137 193,114 4220,197 531,37 4309,332 9051,321 355,212 8874,351 
4824,367 2841,49 9652,156 4055,435 5192,58 6496,475 2698,328 1069,171 3650,43 821,198 6451,76 3674,491 1244,398 3295,428 1656,277 
7744,237 8259,250 687,258 2743,452 5635,31 9413,497 8888,413 4900,158 9020,275 2957,21 4258,441 1465,146 769,373 9080,65 7604,152 
4260,218 151,384 9326,464 6184,451 9757,132 2587,213 8085,190 4449,470 3341,66 6972,418 3336,450 4910,392 9588,308 7821,192 8079,348 
3426,84 8305,144 447,230 7739,429 4525,373 1326,423 7128,358 4563,383 1981,239 8980,274 5438,455 2355,109 2794,146 4229,181 7140,154 
8612,462 3489,42 5458,47 1129,333 7014,346 9904,461 9253,265 1873,240 2058,383 4797,45 8999,360 572,240 3755,369 3676,193 7723,77 
925,336 4018,358 8528,125 1074,443 3225,167 5433,401 2781,136 7903,285 1570,19 2263,434 5822,233 9000,247 4177,233 5295,473 9245,260 
190,378 4429,165 4638,282 9936,96 5815,321 8200,187 3409,368 670,115 367,303 9432,418 4469,126 3895,44 3127,405 8247,44 1109,343 
3121,195 2109,443 2414,150 7765,499 9722,454 2626,10 9527,275 7785,438 5418,381 7913,179 9348,254 3938,104 1793,206 242,248 8572,470 
2954,214 6694,186 5542,166 4786,88 2711,341 1317,482 3593,376 1784,125 8729,309 5895,376 5932,384 8102,172 3695,384 6050,49 9701,451 
6817,16 5975,298 6493,476 9431,146 4847,376 5951,39 9485,126 7609,71 8185,239 6165,197 3816,423 4555,84 6545,234 5030,329 5353,310 
7737,21 8865,115 4919,88 9293,296 3727,34 7171,418 8308,94 3527,129 8518,14 7956,346 1856,361 3120,110 9585,388 6718,212 3864,303 
9442,75 1272,395 4005,443 5826,209 9184,109 8158,102 1304,372 6449,208 5397,397 9432,230 7927,96 2153,498 7366,289 1619,423 734,85 
4409,485 8560,345 7003,6 710,240 5825,465 7141,232 7849,369 7474,241 1466,223 9355,187 3860,351 2018,469 740,228 5751,477 9863,309 
8918,253 9306,283 3484,175 8759,70 8123,103 6846,406 4830,19 8271,339 4904,358 5290,276 2081,148 7061,337 3967,413 7762,264 2846,199 
7574,392 2756,286 1448,13 7924,179 4542,38 3410,329 6164,25 4644,325 2676,222 2283,217 3706,54 6359,56 4587,311 9590,487 6794,191 
7651,330 1724,131 5204,115 692,74 8024,357 606,479 922,103 5648,419 4350,192 3642,142 6496,179 5839,370 1440,386 1843,487 2491,5 
4036,392 5840,110 8712,328 568,116 1027,262 9147,173 7116,409 7302,333 5782,19 1571,249 41,0 1578,332 5203,397 4943,350 2191,305 
8131,439 2117,392 3663,162 6886,280 4721,97 7777,102 4086,11 5594,73 1552,198 5804,200 7964,402 1383,81 7365,133 5799,229 694,67 
3899,254 7887,145 8524,431 2221,397 7479,461 7228,428 9738,486 4808,320 8602,294 8217,325 9267,348 9267,53 2569,361 9128,295 1621,471 
1928,184 9270,188 7091,389 7820,214 2853,298 4278,22 5219,67 6421,299 8971,27 2747,123 5309,96 4727,149 6271,238 8296,193 6722,92 
3447,411 8554,470 7168,180 5453,476 9823,67 7864,196 4602,483 1749,354 1087,442 6089,87 2098,496 1961,268 9163,215 5796,124 9876,379 
9585,392 7730,74 9445,222 7881,387 5900,40 7550,15 141,106 5327,305 4166,32 9345,382 9675,222 6092,68 5660,240 9333,78 3887,5 
4314,132 256,224 9890,322 1696,205 154,92 638,465 2830,195 883,327 5789,346 2492,439 6351,348 1047,421 1532,167 6244,202 7238,452 
7699,180 8175,83 4283,428 5457,101 4945,168 9605,371 1454,410 9299,147 5177,164 8865,307 5583,290 9,70 4157,69 2515,351 3955,103 
4751,10 6104,243 1182,429 4689,414 9769,148 7138,213 5797,132 2737,305 5727,88 6851,475 6938,98 1980,55 6399,464 188,241 7291,114 
7592,26 4424,40 2362,123 9101,103 3670,115 9417,130 6013,472 5143,97 2388,63 2709,106 1235,76 1962,485 1242,101 971,25 8132,60 
5024,231 7995,150 2197,363 1170,37 9250,258 5854,240 7964,152 4363,297 1908,222 46,317 6125,208 2145,132 5653,178 9481,492 3131,341 
8725,236 6182,229 2946,126 7444,176 6319,348 3144,324 5391,212 81,116 1595,252 3142,46 1104,146 4685,84 6291,6 6685,301 9058,193 
7837,129 1064,277 9313,299 4122,286 2095,267 4642,123 2819,221 5229,421 1493,33 3807,239 6215,32 1708,496 464,59 4256,9 3152,210 
9745,358 8576,6 4713,286 9430,438 2676,68 4233,343 4517,291 1740,39 5525,63 8010,257 5275,451 477,487 4852,202 6771,444 4663,168 
5566,115 6206,334 1243,346 4934,307 8007,208 925,44 2728,95 1969,260 3855,413 2061,75 3091,244 5789,275 419,299 9480,165 387,297 
9527,120 955,137 4284,332 5992,195 2911,387 7335,53 6033,472 5135,248 6170,222 7035,118 1334,25 920,312 6803,58 3578,259 3415,421 
2800,348 7079,431 5546,405 6921,368 5353,231 5431,127 4534,83 2750,273 3323,333 2271,385 2506,490 4902,37 8865,342 8754,291 22,221 
6757,307 1578,202 2541,465 6087,172 3423,473 6496,401 4909,341 8529,40 222,355 14,98 3854,125 9028,19 3008,226 8646,2 2566,62 
5556,71 2338,145 7914,243 5874,263 5755,398 6306,23 9310,77 6909,228 9580,305 8049,330 8773,223 3263,380 2067,149 2152,93 8777,464 
9771,447 4860,18 6849,442 3973,225 8143,241 9424,80 8187,182 5575,337 7455,89 8620,106 2349,490 401,439 3424,426 9012,208 9708,442 
7439,204 4081,4 9290,336 8739,110 2944,482 9211,412 5235,161 7004,15 667,380 5333,1 6089,466 3197,358 6774,366 4022,109 2471,429 
2827,265 1213,289 5098,418 9873,109 8155,364 4252,385 8873,8 3090,478 7858,300 9246,17 5670,9 8463,443 1585,15 7528,224 3832,272 
2170,320 8315,109 3118,58 7373,91 1519,31 7073,230 7011,426 6185,37 1064,297 4094,183 4730,386 3858,69 7414,383 6995,56 4925,422 
1080,470 3482,48 2619,322 3220,187 9780,140 6503,195 5223,50 7259,289 7544,449 6747,333 6524,405 5566,396 4184,221 5869,476 5344,330 
9448,204 3824,204 43,45 6938,386 9694,112 1780,342 9115,279 8549,251 2380,236 8138,169 4210,302 5334,405 6673,195 9949,350 5322,412 
5825,9 4292,461 7157,77 878,206 498,181 5020,184 3021,341 9271,128 8921,55 4666,279 7516,187 5776,372 1398,333 8950,230 1090,450 
9396,400 2291,216 607,13 7725,279 4742,298 8509,96 65,435 1878,440 4797,366 8643,325 6394,216 3904,68 6823,83 6761,447 2797,3 
6815,259 1058,88 3692,346 4602,194 1176,355 7415,168 8001,125 8118,313 9314,456 393,221 2133,371 8044,452 7050,120 1723,435 7590,364 
7129,435 1154,143 4707,312 2528,375 5171,481 9414,200 1135,18 7231,45 943,488 1109,426 1382,201 7675,292 5950,173 9702,368 4234,489 
9613,357 6567,277 5092,468 3325,1 5778,281 6217,321 5911,75 6605,264 6800,354 8256,29 122,11 9158,436 1546,192 3754,496 5406,59 
6219,5 8716,378 5336,84 839,47 9578,402 95,312 3738,253 7409,80 2972,351 4770,202 2461,242 1446,111 5816,34 8854,243 7502,419 
7471,429 5693,63 2778,25 5601,369 5404,422 2344,123 8525,227 2366,30 642,104 9700,145 7250,338 9545,411 855,169 4990,359 7004,470 
8615,229 3047,53 7551,132 5428,398 639,107 5215,195 389,55 683,2 2640,335 9609,149 9413,251 6850,246 1015,137 1539,29 4746,41 
1568,204 7636,440 2409,431 5059,155 5916,46 1521,71 1234,443 603,254 5563,228 5457,16 7452,428 6878,253 6342,421 7770,288 9560,318 
7039,180 8160,219 6154,440 4881,411 9720,284 9369,428 5996,300 8148,187 2114,24 2017,470 2027,90 2617,270 8746,444 4860,412 698,369 
5055,5 1594,165 9622,93 6123,404 8099,69 3226,214 9270,75 1674,445 5752,219 6624,80 6046,347 8906,161 262,362 9350,64 6513,8 
1042,410 6752,38 5644,425 9276,210 9532,435 7305,494 3511,429 8823,122 1249,312 7669,9 8133,262 8310,161 8948,380 4832,264 6882,475 
2352,116 1986,486 2434,404 8687,422 7364,458 9933,384 4828,116 988,345 4056,239 4968,417 9540,424 9742,76 5592,250 8134,360 9278,266 
3876,62 2115,1 6472,117 8108,228 8014,141 4744,486 7564,256 9088,318 1124,350 3407,99 8183,34 8462,167 6662,258 2365,158 1747,0 
6943,455 2868,62 8408,269 6461,384 9507,225 4934,217 638,224 4912,302 2173,222 6115,337 3322,190 5283,237 9186,249 8472,336 7202,307 
6665,164 5610,406 2951,491 1059,380 4112,14 1349,59 9211,286 2400,431 1781,330 2677,160 2017,393 1092,196 4163,370 1661,222 5388,38 
8401,430 4436,388 2257,84 6727,352 5059,38 9282,434 668,115 1943,106 1191,194 2168,300 6974,247 6760,425 3263,113 5043,90 1368,444 
2291,347 9381,265 9912,299 8884,371 2035,157 7486,416 7599,157 6125,110 2574,218 2106,477 6152,254 4906,408 2666,167 1786,413 4839,64 
7179,86 3416,138 4911,382 1019,375 9326,378 584,448 1132,99 8937,212 4951,232 7097,418 6334,229 6195,35 3919,135 2426,182 6978,480 
4354,219 9730,67 5427,328 6555,11 3964,347 5326,287 5566,90 5145,372 2933,224 905,489 252,381 2889,434 8486,242 9077,441 3680,410 
7783,300 6462,24 8576,49 7700,213 8947,186 4996,61 875,147 3138,12 4345,46 7412,108 137,262 3380,100 5746,253 4189,284 5168,77 
7512,446 6126,162 1923,489 3009,481 2775,251 1493,307 2916,105 4258,416 4886,484 6109,347 8637,75 5535,490 3069,206 7042,29 7115,461 
6706,224 8023,294 2366,252 7269,183 5310,494 1184,158 4899,191 9718,117 5766,409 6527,195 828,105 8660,23 9940,80 7707,406 9949,443 
5457,286 7488,253 8700,274 7063,498 1282,75 8005,94 430,345 6778,152 1472,327 3259,61 5477,395 5115,488 3304,53 1794,62 4954,261 
8623,310 5004,109 3100,326 1601,435 6757,468 7309,235 420,66 7909,323 2139,232 7652,491 3725,364 6711,497 9317,13 1620,284 6653,133 
6779,302 5423,169 7716,284 5305,122 8615,90 7329,14 3705,306 8632,386 5541,495 6303,417 7835,447 4863,344 9845,400 4862,24 8685,160 
1004,392 4776,120 4064,348 4788,181 8045,195 3320,389 7432,359 8739,404 4266,414 4228,470 9379,315 8913,44 9691,428 3628,384 3592,209 
8910,492 7648,48 456,290 7424,206 3558,273 2871,356 4367,107 3588,189 3114,19 1644,391 6709,176 2013,300 6757,85 2739,397 7076,196 
9902,370 5333,254 7217,188 5653,357 901,183 6876,269 1147,254 2398,424 1937,309 8890,378 4321,297 5558,83 5224,356 5241,247 9132,193 
3495,159 7721,490 6275,371 9509,104 1324,289 9069,204 9892,33 6490,198 7698,204 5683,345 3755,269 2790,281 8871,451 6469,377 9267,140 
3316,61 5979,40 60,106 1780,28 9369,294 7108,482 6309,230 6605,116 6417,216 7817,389 9055,162 4533,311 4715,3 8767,445 9086,46 
6905,206 4110,153 5617,441 7766,151 7927,364 2406,249 1115,128 5871,386 4403,421 711,161 7124,469 428,375 7914,431 7855,28 4813,121 
8111,244 3422,181 1348,277 3657,29 6107,186 100,210 2046,372 4086,148 7404,236 2119,278 7282,160 1860,39 3772,285 9123,186 5699,8 
3582,341 6576,392 4924,126 2099,460 3907,167 1045,197 9913,10 4960,188 5362,283 5460,151 874,377 9815,245 1745,283 819,483 4087,99 
8212,205 5346,433 6153,31 4972,497 798,90 1486,253 1699,210 5177,381 7388,188 429,368 2043,221 8785,120 173,269 4680,166 9352,274 
6057,361 8616,341 5710,485 5046,25 2443,254 2151,478 3238,458 5331,215 6994,92 9532,494 8468,299 7471,472 2893,479 375,405 6921,245 
9657,108 7120,460 6173,441 7207,271 5855,309 1871,292 4086,222 3876,403 428,158 4652,475 9187,357 7930,176 5131,367 9515,390 5042,423 
6504,374 7202,94 5602,356 1633,84 4039,365 9522,387 8957,50 3225,364 7318,133 9876,288 2681,439 802,326 4935,480 262,269 564,158 
1957,213 6509,395 2380,127 1774,497 1043,317 7011,129 5243,203 9007,257 9198,308 3977,246 5066,24 100,444 3524,274 7481,374 934,394 
4567,317 5632,358 9468,86 1108,126 4102,388 4591,437 3607,210 2755,320 2057,413 9504,78 6714,484 7901,380 3462,446 9602,366 9668,398 
9594,365 5372,459 1602,292 777,31 4119,383 2241,206 2308,88 3989,195 857,56 4736,97 7634,27 454,363 8934,197 8280,42 373,259 
2211,414 1145,438 2721,470 9326,374 5404,94 5577,208 4512,15 1060,331 4079,444 507,24 6297,308 1600,450 9683,237 7185,422 1798,345 
1740,65 8379,307 2717,199 4933,118 8805,369 8301,169 9490,462 8379,186 9629,338 3358,230 1371,420 144,337 2546,360 9228,74 174,142 
5299,217 3643,241 1471,165 8716,277 5749,199 6100,435 6077,422 1349,187 8284,50 4107,469 8659,109 9262,218 7549,418 4403,14 9313,450 
4642,206 8407,232 9333,83 4974,359 2090,168 5859,64 1676,298 2344,81 7794,106 3878,284 8720,434 5501,434 4471,465 7391,262 4955,37 
392,309 6090,496 4750,184 2456,374 6214,160 3867,306 489,422 1135,264 3646,349 2399,17 8674,145 5286,497 1734,162 9340,315 9746,436 
4589,36 2291,15 903,25 9371,103 7081,249 2162,486 6761,255 4090,466 1601,475 7149,0 7648,404 827,355 2683,47 8499,112 6705,371 
7667,63 8371,280 5894,89 1919,255 3541,229 36,244 33,401 7425,498 8951,400 3524,269 2321,139 5905,11 9466,202 14,378 8161,153 
2077,250 9875,53 2101,424 1345,129 1173,239 2147,168 7112,285 6036,448 9059,115 9013,234 9906,318 8453,165 9078,66 4373,150 3718,43 
2225,480 7567,255 1997,289 7834,254 815,17 270,237 9432,175 2966,486 4983,360 1285,312 523,99 335,41 7268,49 56,59 7252,144 
4899,178 9119,215 8046,275 793,117 4263,214 8822,9 2612,460 583,407 3295,17 3692,235 4577,344 7727,17 2943,6 6646,153 7578,270 
3031,181 3278,307 2759,113 1346,311 4641,298 2323,466 2209,19 233,279 4636,241 2703,482 5276,385 7435,245 234,96 4071,470 5236,100 
3360,82 525,235 6669,223 5374,29 4159,344 3154,314 4174,293 2203,499 9827,160 4606,45 9170,231 3038,405 6554,184 5341,402 1368,68 
6000,398 9810,56 2949,359 5274,316 5566,363 7909,359 324,115 9624,64 7712,122 3778,451 6696,51 124,96 6264,11 939,53 450,401 
8750,169 2950,182 5807,451 8093,324 1469,127 7909,177 7225,116 276,178 3689,244 5922,49 5420,428 7940,189 8993,274 6188,122 187,429 
460,210 8315,86 663,27 7041,480 9416,133 3900,412 7083,19 226,437 1023,206 4972,315 6152,387 2386,478 6056,211 2455,8 3021,60 
1508,261 4695,12 249,191 7865,93 7986,59 2451,221 739,7 7850,124 3874,126 2584,129 4416,29 5449,254 6621,391 2981,461 1053,342 
6795,37 2891,162 645,203 4804,7 5014,481 6563,258 8931,53 6915,370 9393,138 9117,424 6593,469 4778,377 2950,378 4724,417 7830,309 
5953,40 3810,247 488,72 6391,473 104,414 3239,231 8618,29 2034,177 922,395 3505,335 7148,36 7855,360 895,143 5345,203 9434,121 
6502,8 851,115 5364,155 2918,435 8598,41 9539,354 2443,412 2623,123 2710,54 6546,312 3034,321 9798,170 9329,254 9864,354 1230,98 
1818,351 8794,261 7851,117 5035,244 9823,53 2156,5 8924,113 4284,441 5465,409 2769,267 8147,297 7010,263 6681,303 3182,187 1048,449 
6875,441 3124,261 1165,82 5765,74 4981,175 8685,44 3615,158 192,499 5510,141 4911,430 4128,312 3796,484 9797,198 7710,24 2357,229 
5751,321 4825,466 6080,41 2398,106 3591,198 2653,148 9188,457 5490,23 2495,255 3691,283 3359,10 5413,426 6216,424 5477,396 3040,141 
3352,475 5695,178 4063,252 8993,27 4945,400 1959,360 5475,417 4965,152 6014,11 4460,200 5873,405 9338,142 2157,424 8057,168 6938,21 
2897,141 2794,30 7006,8 6898,286 811,256 7762,47 5638,242 5090,48 7476,101 801,339 9063,497 9668,42 6546,226 8934,313 8754,312 
6812,97 3105,291 2920,174 750,311 9251,426 775,416 2768,367 100,139 9547,336 5229,262 6416,113 2062,169 4490,87 1197,29 1709,479 
1742,499 1987,357 6936,99 217,313 8774,467 7011,132 6570,469 4767,202 6801,127 7615,109 2733,207 4771,348 2144,312 9195,162 3781,305 
2394,248 5164,211 441,489 2876,369 9147,463 4343,57 3804,134 8991,482 7782,208 3464,438 7835,440 4209,98 8488,159 3366,286 2053,337 
3262,54 3777,240 6809,245 4919,215 8554,64 5106,435 9455,497 7759,157 3960,493 1721,80 6678,180 3974,428 2212,113 9073,244 6897,262 
4446,469 4314,104 131,301 1371,28 8168,65 3160,405 3852,256 4891,356 3177,52 2686,6 6048,230 1321,138 4541,455 6972,214 5984,326 
1966,263 7433,276 672,8 818,168 663,387 723,348 9588,30 8446,394 2216,490 9990,272 1421,131 3826,491 6231,426 7253,462 2406,26 
3700,475 6457,443 7291,376 7114,2 495,357 952,21 8323,371 4107,267 7184,92 7277,196 7116,136 6503,292 1425,496 8085,419 1011,84 
8944,71 3348,226 77,211 8580,182 7299,192 1522,73 3467,312 8296,351 2099,340 335,91 4737,245 2961,195 1356,80 5597,284 9785,96 
5190,63 7246,139 2958,470 5109,491 4898,166 8910,332 5530,128 7033,408 8373,212 2398,154 3681,219 3579,329 5422,439 3170,279 5636,241 
1364,399 3116,238 9336,94 7477,225 3046,462 5797,452 9525,357 5341,39 9247,385 1154,255 4543,488 669,209 2520,341 4671,277 6909,378 
9873,293 7095,112 6646,34 2810,127 7016,139 9747,418 8740,319 3289,373 634,359 9023,52 6232,127 6456,221 6262,366 3305,230 239,135 
6752,411 3179,62 333,430 1732,381 6459,73 3540,52 4641,9 1396,38 2677,362 671,302 6258,123 4279,125 4018,305 4187,161 5015,428 
6805,223 9271,170 1803,26 2784,88 5860,19 5399,321 4827,411 3509,61 1046,56 574,176 3223,188 498,432 6205,470 4292,70 5488,65 
9545,422 5236,186 3417,116 7857,252 2653,407 5386,448 1899,497 5002,200 6697,427 2608,231 9655,214 3589,123 5125,13 3087,348 4420,497 
5876,433 138,280 119,484 5159,140 5654,309 5076,364 9321,67 3807,465 7305,252 9752,256 2176,12 8960,88 7890,290 5308,276 4597,397 
2867,476 552,337 1938,160 4892,462 5398,278 981,91 3367,397 5306,493 4242,204 3183,385 1624,410 2500,243 3428,292 7388,307 2427,281 
2496,35 6075,447 5838,449 6990,274 8381,275 5468,247 8031,388 761,271 6000,345 9606,195 1067,367 8523,297 1477,322 938,230 8388,498 
2719,115 9247,170 4885,308 4122,288 5137,476 6161,257 3882,338 752,230 637,94 1464,432 5987,281 3419,391 867,471 3083,446 5045,17 
101,16 9226,86 7111,201 289,432 8503,224 5165,330 4093,139 9175,235 7520,356 7551,263 3449,208 5499,154 8565,302 341,107 3090,249 
4243,61 5505,175 6682,99 1196,82 13,144 646,466 8834,437 6731,124 8197,248 2167,138 1848,107 1713,130 7724,213 7529,224 1756,197 
5740,482 9733,140 4004,418 1657,236 8018,428 9063,381 6580,470 4484,111 2893,15 1329,70 29,0 8078,168 7027,271 7238,448 3085,36 
9249,318 6127,465 7243,157 9587,113 4471,187 2591,119 6433,8 8470,428 7085,464 8837,373 3526,476 3032,116 9155,261 8162,228 6283,365 
100,450 1320,367 8431,335 8990,345 6297,292 5352,71 922,351 9256,27 3670,240 7388,93 7620,197 1162,216 8512,107 711,148 4416,74 
2425,14 6901,413 8943,62 2966,108 1552,248 4062,243 1242,39 9591,122 1709,435 4909,25 140,235 3116,50 9133,379 3719,462 3430,468 
4072,24 5326,393 3651,119 9520,60 6245,62 2331,61 296,332 6864,463 3909,144 3473,291 5656,478 2338,182 104,270 8420,372 5735,353 
4216,130 6986,383 743,115 226,313 8131,213 4554,217 8406,194 2908,15 4004,193 8253,130 9959,210 7424,495 7521,224 9762,406 7290,243 
9039,413 5219,491 9861,102 9823,419 9055,451 9799,64 8297,485 9623,223 7093,405 2803,203 846,153 4378,356 7877,91 1629,309 6689,479 
6032,108 2148,400 1448,211 6403,365 8635,314 3502,211 125,343 7091,469 2334,201 8735,233 8147,138 6908,401 628,325 6325,201 2165,43 
9438,162 3963,191 8188,28 3455,219 5378,397 291,60 6498,135 5185,408 4682,185 5184,110 6873,15 5222,159 9733,490 8144,262 5724,428 
3707,333 3288,438 6006,419 3665,291 8129,314 9741,365 958,312 2743,252 3399,330 8416,10 4359,452 1895,358 7574,423 1919,453 2614,357 
1608,280 9257,225 8987,289 5676,178 9061,156 8126,153 8601,391 8202,56 7395,82 4716,315 5920,169 8559,378 7781,130 6535,296 4444,371 
5237,101 2779,205 9164,316 1677,31 9892,241 3217,160 1249,161 6618,12 9100,291 5422,138 6846,397 1363,494 6288,198 1623,194 6532,123 
9231,487 8949,469 4089,326 5874,99 6427,10 6878,466 1448,134 1162,443 7616,101 6061,215 197,394 1755,41 2006,44 6194,363 9253,481 
3851,366 2596,459 9927,382 948,305 7073,183 1374,201 572,127 4230,457 3453,390 8310,273 6272,200 8071,273 5243,320 8683,173 2629,240 
8482,25 9675,48 4541,49 9517,436 2041,206 1801,176 5769,59 2658,492 6842,425 5307,65 6651,466 991,417 2089,398 3057,9 2550,125 
9228,472 9035,251 6366,37 4504,440 9529,452 1728,479 4442,354 3386,118 1962,150 898,106 5897,394 7730,25 1783,398 1319,430 9211,290 
6464,404 2498,229 5532,159 953,333 1857,73 655,258 6534,77 7034,69 9579,493 5656,179 7693,279 6760,483 1096,317 4615,447 978,157 
8687,121 7196,294 3738,491 7076,142 63,220 3925,221 7074,487 1667,161 8475,466 3279,92 3177,221 5119,9 9220,245 6889,240 2376,320 
5999,221 8808,133 5855,363 7679,244 8715,255 7825,205 3696,454 3160,367 7983,142 7304,5 6695,68 5875,250 28,237 1791,25 8737,205 
1029,480 5464,331 2780,108 2140,79 6301,90 2617,266 8875,119 6556,422 8803,65 5829,300 428,298 2136,308 9984,179 4660,352 7363,60 
2010,149 5685,419 359,412 3422,422 4219,38 5447,482 8556,243 6582,499 9791,262 6007,336 8663,176 5815,322 1297,305 2116,326 9075,428 
4325,338 5744,422 916,420 9337,1 5236,116 7004,25 4458,286 3510,128 6479,117 4749,271 7204,386 489,193 2452,478 6671,385 184,351 
6377,429 6584,228 7716,103 5457,401 5294,88 3222,443 480,313 9380,131 1935,414 9878,418 2658,138 9596,488 2162,26 3753,78 838,28 
5938,336 3466,75 5323,182 3489,351 8303,433 3337,445 7999,472 3009,155 4348,184 8265,146 1857,209 2941,195 5274,253 660,457 1437,135 
2550,145 1749,236 9048,128 6406,455 5892,357 1331,70 3563,97 6454,413 1510,70 3448,452 3211,39 3454,229 6623,47 8184,235 4493,466 
7081,51 647,468 1149,408 1910,192 330,193 1192,403 7981,289 4285,360 2407,316 4334,400 1036,74 8904,156 7920,335 8196,62 7925,23 
5565,382 8275,252 437,6 6782,170 7146,209 4716,81 2265,292 7177,166 902,445 3958,219 227,77 6305,221 122,53 1069,245 1003,277 
5321,123 9601,337 2973,499 7935,135 3087,425 7649,182 4758,400 4265,190 5016,11 9028,485 5396,209 3748,415 4687,179 4188,314 1637,455 
7878,475 146,299 9517,126 8122,172 3711,444 6237,499 8377,314 8610,48 3273,227 5758,92 2827,406 431,279 3868,103 5753,76 2840,225 
4307,284 4583,202 7104,51 3971,476 6858,355 7466,463 1167,206 5775,182 9792,434 521,69 2687,379 1976,123 5389,17 1738,474 9033,148 
6724,113 67,17 8424,295 3435,180 4329,343 7676,205 6886,347 9314,173 3334,463 8070,121 8343,246 6652,375 9181,9 8846,88 9856,143 
7834,452 2498,123 8527,359 1479,320 8173,202 8327,47 9895,448 4723,356 6918,114 5103,457 2595,309 8789,80 5827,314 540,439 8364,137 
2789,122 8524,429 4526,167 8284,21 1540,370 5440,115 5269,335 422,432 6834,147 9093,364 9051,257 9478,383 3837,48 5028,259 3206,56 
4008,164 7716,133 4826,436 4270,168 5595,116 612,302 6816,71 5501,166 2442,393 4794,35 8501,168 1131,165 7267,278 9900,250 7518,493 
5077,322 8013,304 5180,52 2450,434 9499,33 9156,8 7915,378 4909,116 3709,443 5921,291 2679,308 3291,118 833,86 4034,25 6283,212 
353,168 2537,116 2057,133 6046,423 177,117 9519,30 7043,279 4000,276 7527,395 7474,294 1342,264 2983,22 1080,216 1237,33 3046,369 
8792,288 90,154 5991,452 7960,111 2358,308 7241,11 1245,33 136,18 4386,426 92,93 4271,152 420,402 8113,296 3186,255 1679,374 
1099,473 1711,328 145,75 6109,15 6547,154 8244,107 4507,433 9240,492 7322,2 4378,263 9289,206 4601,268 6854,85 8977,86 4983,7 
4381,369 6185,308 5288,206 9729,310 7004,316 9352,356 2532,151 6522,170 6034,425 8919,277 7847,96 7873,276 4397,129 3416,370 5294,318 
5775,91 5442,5 2315,369 6045,156 3195,71 3789,490 7339,14 7580,244 3176,460 7661,296 6716,217 5513,390 4337,85 8365,285 2442,73 
4315,405 3862,314 8348,211 9466,137 9525,63 7685,117 1415,408 2578,359 8641,139 237,307 5729,419 7482,273 5115,429 28,361 8830,283 
7751,488 8587,39 3055,182 9792,152 8024,230 908,71 4939,102 3185,189 3909,84 3246,54 3773,343 3090,205 5322,386 719,116 7052,283 
5423,277 6722,370 8606,420 5720,434 7586,192 316,26 3793,363 2336,81 1789,86 3428,486 6783,464 8338,292 8452,431 7157,457 1585,40 
8569,47 2416,444 7051,205 6426,438 3883,182 8991,74 1929,180 5844,340 3373,293 9488,119 6490,31 4475,159 8199,351 5956,332 2729,45 
7010,218 412,494 6593,367 2365,125 6051,135 8619,482 4921,188 4944,141 5298,6 5567,422 301,371 1473,12 3662,305 731,432 5836,410 
6446,302 1284,324 5269,412 1086,327 779,173 624,344 9620,443 5278,412 6770,247 9850,397 6719,475 1073,330 3895,331 2936,492 6548,15 
7375,475 5425,405 581,211 1316,391 8760,489 3062,360 9849,128 7906,473 8737,14 3813,224 9210,260 3671,423 2906,284 9452,339 5604,413 
5333,172 9572,375 735,324 4731,104 8572,95 24,294 2231,35 1392,236 7277,438 6316,157 8898,288 8476,455 5832,499 9005,326 3891,271 
9666,429 9788,126 7799,37 9752,334 3220,264 1725,248 345,227 6769,427 3066,147 1282,440 1858,446 2546,417 7300,355 1472,78 6139,0 
3922,58 1779,167 8516,373 8042,223 5204,323 3893,373 3385,281 5582,66 5825,465 2838,187 5495,404 8476,12 2063,213 1594,389 3956,446 
216,499 3014,450 6257,215 368,478 596,110 6608,78 9649,348 3105,83 529,323 55,380 6319,416 2458,494 8840,70 9982,214 7691,456 
1179,29 8471,287 1985,382 2937,224 380,282 6484,268 3183,7 1539,446 2801,376 1907,79 4244,193 4743,429 9839,481 218,273 6030,398 
7374,300 1659,41 7201,337 2767,443 164,279 3424,5 3765,426 2816,109 7370,319 8264,131 9210,160 5372,3 5298,17 5229,340 7398,475 
3027,476 9165,138 2017,165 9299,477 5522,242 1365,433 6779,392 9147,352 298,421 1129,439 8825,112 7477,334 2309,116 7909,97 1289,39 
9481,399 5201,22 7355,366 387,43 9980,283 4112,6 5897,190 7680,177 5975,49 699,109 9569,26 4973,484 4709,496 6877,456 2873,458 
1674,220 9418,346 1514,277 9197,34 5684,324 9133,86 884,130 8223,79 2314,337 1725,168 4380,63 8589,307 4069,176 6377,14 1948,0 
5139,374 4938,307 6789,107 1711,345 6602,341 2440,353 4867,106 8235,46 2844,130 5590,381 4194,469 6919,189 4437,6 6457,459 5278,59 
3501,204 545,56 9041,278 6938,448 8050,287 9008,365 988,250 9898,367 8031,265 2702,407 8111,451 6912,117 9364,473 611,108 3733,326 
8733,272 1772,440 1992,405 799,41 5854,378 6806,333 7366,379 9832,256 8295,103 9238,1 5927,37 8321,64 9988,234 8947,456 7682,234 
6326,55 1296,259 8791,52 3396,335 6144,442 8229,43 8459,369 9471,220 6721,297 6964,349 1247,462 7160,495 338,491 2917,117 3099,168 
7150,429 398,110 2770,229 4551,141 8715,369 3882,302 7557,249 339,284 6381,323 9104,383 4507,99 2781,0 4351,149 4000,297 3711,490 
628,379 9778,120 845,471 2688,82 7808,371 8075,223 3440,148 7008,231 2085,290 3828,219 130,237 3066,8 556,385 9843,108 6042,401 
2204,140 8816,67 4555,222 2407,59 9769,208 5293,293 9948,109 51,167 5291,262 2029,177 4648,489 3517,465 3479,258 4463,219 6472,343 
5249,284 8033,283 2217,483 9191,37 844,485 8037,122 7711,476 8033,438 4992,77 8514,62 4908,430 5689,441 3372,81 5649,46 7009,119 
101,131 16,410 7383,333 4110,43 8660,431 7549,311 5484,51 417,44 7125,86 7954,292 5399,395 8731,490 7319,18 9092,6 1256,133 
3797,97 6609,145 6075,273 9832,473 409,216 6384,483 2922,288 4515,62 6843,99 9542,68 2578,173 5768,224 7359,52 9844,133 9644,172 
2721,168 6330,3 3894,375 3886,6 1077,23 6111,175 4781,320 1464,234 5147,298 6309,229 8692,15 5189,266 7480,455 8525,166 3362,327 
1409,308 4759,296 9066,132 5644,405 8866,438 7679,429 7573,45 7502,69 7298,448 5669,251 705,183 3543,423 3233,235 552,241 1075,159 
3300,161 7032,216 786,472 2678,353 156,73 1998,136 5059,457 3427,156 9792,52 137,222 7978,197 1403,433 3792,157 1856,288 4750,109 
1086,170 8536,138 6564,220 5967,282 3849,255 1888,291 1805,369 5084,430 5291,221 544,135 6532,330 9950,70 8295,419 6757,97 5706,91 
5842,432 532,291 9922,221 284,118 5762,129 7491,18 9712,99 8266,221 6160,472 1474,425 2986,165 1346,366 9468,429 2684,124 9669,450 
7162,3 2092,157 9070,226 5501,183 1849,322 3770,211 5428,304 3405,374 3370,401 3797,382 7287,365 886,162 7800,256 5963,277 5550,222 
4598,469 5682,1 5562,308 869,286 1977,453 4061,478 1345,134 2139,272 5147,11 6387,308 8565,207 9954,317 5157,94 3333,279 2828,264 
4943,331 2467,247 6314,114 6044,143 2374,317 4613,376 7833,325 6984,129 3897,279 7400,146 2668,44 5880,87 4946,184 547,286 3395,456 
4332,439 8793,67 1673,262 3878,376 5926,76 7409,120 4692,329 3675,413 3632,321 5980,37 5642,438 6550,428 1041,324 277,252 3652,27 
2437,19 4274,314 5697,163 114,154 5488,255 6431,441 5310,448 240,381 9640,331 7828,73 2920,176 6203,197 1333,150 1278,167 9556,60 
3402,254 477,379 3380,471 7186,321 1218,233 7683,222 5002,402 7565,388 5347,210 8474,9 4267,320 6280,287 7876,216 1700,165 5267,23 
9913,125 3753,222 2254,107 8447,276 8525,136 339,496 8730,486 5739,108 1794,29 5047,343 8614,161 4671,51 6563,110 9568,126 5776,380 
8598,28 3231,102 9163,466 3694,409 7635,423 3719,71 8626,407 1066,225 336,272 3620,343 5151,58 9168,231 1394,413 1050,322 8666,244 
1636,179 9290,115 5241,95 4642,457 1927,284 1379,188 856,494 9562,67 2400,239 6054,440 4420,433 3630,420 7823,55 4951,408 9163,235 
224,120 6761,219 5654,277 1931,214 8252,1 4337,451 8184,427 6917,121 642,301 747,384 4938,207 7344,315 986,100 562,184 1859,407 
6900,245 5479,42 3450,269 9483,484 7149,318 5849,398 5489,202 3888,43 8408,18 3532,499 5217,98 4508,152 9964,182 8561,69 3568,153 
8705,178 5628,165 9964,108 6218,6 2654,34 1980,120 4204,316 921,8 6749,219 8099,350 6047,99 5933,373 1959,479 1312,440 8835,331 
1175,180 1084,254 5391,240 1595,195 4174,142 3302,16 6592,263 3881,200 9083,375 4355,317 9894,136 7121,295 3239,292 8415,365 7713,85 
1214,408 77,95 4541,120 9805,398 4877,71 4614,280 553,329 4876,478 6707,30 2526,41 8586,449 9544,115 726,267 4981,81 3081,318 
4715,195 7204,444 2980,464 8019,27 6142,415 7570,436 1393,36 1072,143 9060,14 630,97 7187,302 5793,324 8704,29 6515,233 8934,207 
729,23 9360,182 8124,246 9097,410 5915,306 5233,378 6523,213 2964,135 4307,75 1192,476 1457,2 9408,200 6950,322 4563,292 4710,367 
5230,190 1264,380 2076,326 1391,433 3776,172 3207,249 7347,188 3765,18 9961,499 5227,292 9963,83 5115,2 3385,449 3352,264 4671,481 
5455,309 1690,277 3383,483 4839,387 2536,87 1206,449 5707,17 3095,150 5224,243 1194,383 4575,110 4240,162 4981,79 6417,261 1636,107 
8417,326 9841,206 9890,23 979,23 345,424 6647,447 4046,248 18,212 2097,436 6766,413 219,326 2256,212 2919,343 6156,442 9287,259 
5312,253 5252,452 4728,64 9682,254 1942,96 8217,197 8789,148 5058,252 877,369 1817,100 4576,433 8928,35 3801,362 8713,164 6357,161 
7796,354 8039,170 552,275 354,102 9393,372 6388,247 4748,136 8432,49 726,417 5873,37 201,374 9833,448 7799,203 5484,70 7055,57 
3200,36 5287,155 4257,295 9755,158 2016,485 876,77 7315,179 6353,159 9982,20 4427,116 8496,433 9663,179 5422,469 8359,242 3221,434 
7004,84 7648,4 3909,414 781,434 7847,379 392,155 7981,417 9528,360 7223,66 8832,437 889,425 7183,286 2928,334 8276,152 592,378 
8588,318 2376,264 9493,299 3824,88 4682,417 3962,91 7443,168 7782,393 8305,73 9775,404 1358,75 9674,108 2648,35 6359,462 4891,381 
5951,1 4412,417 8435,193 5595,170 7942,91 938,427 6306,314 6946,414 3720,22 9962,309 8395,281 3350,333 6182,301 1040,95 3030,215 
9737,488 5831,106 3992,391 7443,86 2066,375 9011,126 3361,166 5250,395 8418,120 1238,239 5572,316 8761,317 5626,192 4215,76 5935,284 
3367,420 8849,304 2747,243 8419,492 31,414 8071,445 2813,324 2796,482 2984,420 2872,376 1531,116 3647,420 7350,458 5729,306 102,5 
913,414 3567,389 9514,104 5232,412 452,426 4813,267 2166,253 8981,104 7688,424 2620,0 2375,233 4018,486 2962,356 5529,43 1567,315 
4491,391 7262,136 1234,459 1317,235 3556,234 4700,385 9181,153 1556,480 9423,376 7979,497 4423,49 4790,104 5063,118 9584,376 2752,250 
9775,459 4331,74 4238,379 7491,404 4371,156 10,64 3509,378 1927,192 6918,54 7166,402 2099,317 4750,82 9131,374 1204,289 4393,442 
3380,19 3939,220 5838,130 8986,241 6502,114 5922,367 4449,219 6316,110 4102,440 4006,211 8635,240 8342,174 6661,474 8240,206 2096,275 
6440,188 7141,366 3388,394 3777,178 1816,293 7883,119 9237,439 2649,286 2177,59 2750,264 8343,194 1078,244 7754,439 5736,141 2132,245 
4908,449 2003,481 761,439 3956,382 4649,340 146,305 9835,380 156,37 3165,177 1731,72 6004,26 9495,445 905,273 3885,379 4822,170 
9403,146 1272,1 3123,44 1763,158 270,286 8755,188 7882,83 9038,15 7784,455 4962,496 6774,361 948,20 9043,433 3612,112 632,355 
3613,81 9911,210 5943,284 9544,362 3751,261 7108,172 1624,400 7613,181 480,2 5297,28 7667,356 2534,333 101,216 2601,286 3465,359 
1543,397 3110,14 3464,97 6630,482 2689,231 78,475 9145,427 4219,133 1803,120 9000,71 4400,331 4586,472 8669,431 4708,83 4983,462 
9577,344 819,439 8269,28 9911,374 3891,462 3240,28 6401,262 3642,347 1192,160 1905,360 921,63 3654,318 1054,287 3871,274 1556,371 
2275,323 7547,486 1270,36 282,223 3955,123 7634,88 4916,114 1571,170 3609,214 6580,257 6006,62 9232,477 7333,94 1348,486 2949,322 
6301,65 1516,336 2434,488 3805,4 6378,219 2431,206 878,125 4483,264 9627,56 9359,86 640,49 5578,133 8606,178 800,269 3204,16 
1541,458 2772,262 7186,216 4677,22 9357,271 3730,235 7449,280 3116,91 8605,274 8165,32 2327,358 3393,222 5804,379 9491,445 1649,260 
6960,283 4190,55 1966,387 917,284 9767,360 22,388 4467,206 6172,222 8313,203 2478,47 8902,200 9160,446 9465,322 2022,79 1611,412 
410,101 460,392 8761,259 6903,225 9204,401 748,327 802,401 1546,44 8734,342 5997,46 4016,121 4752,281 5827,341 7150,415 3203,311 
300,453 1268,370 4199,437 7005,484 902,422 1142,417 4274,367 6248,60 1607,499 9123,353 3063,457 4517,303 9064,224 820,243 6449,149 
1827,350 3444,63 2433,154 2116,82 4462,425 7396,409 8450,329 5623,436 643,72 4654,214 2656,83 6943,6 6025,89 6028,297 4540,190 
7312,121 240,446 1174,423 4450,274 9047,249 8742,46 9366,132 2642,162 2416,140 6634,456 7904,438 4319,260 6966,280 4990,227 831,270 
6986,395 5344,314 7671,94 5909,477 2042,158 7775,143 8723,190 1820,38 1519,447 988,389 7977,401 2080,171 6271,190 3805,156 4811,290 
587,92 8880,63 2436,486 5285,164 4018,349 8741,95 3311,420 9260,342 7847,290 8228,258 6965,263 8381,122 3605,88 8171,195 6749,275 
419,260 4338,432 7080,76 3146,144 2292,18 732,221 1436,448 2180,100 5316,74 4275,177 9429,113 3096,405 3045,495 5158,403 4349,212 
4044,125 4072,392 2378,185 2934,319 3587,333 261,343 7917,474 5956,6 7544,99 4409,381 3511,269 8638,48 5283,152 8352,307 7181,103 
6650,387 1690,164 4652,64 8829,127 3206,202 5095,287 5011,454 1333,373 3380,253 1261,229 1337,442 9760,271 773,29 5358,470 8620,151 
8437,53 8856,203 1479,494 1651,245 4677,480 4645,149 9135,256 7830,442 5029,2 1648,304 233,295 3087,46 1099,187 3603,308 2605,247 
4458,161 9237,53 574,172 1053,88 4034,360 2021,263 5995,207 1603,345 4205,35 258,12 376,76 1327,471 6275,171 4451,386 8985,498 
9347,440 7418,148 9940,337 5139,250 7527,33 2553,303 4016,405 6228,350 3555,404 6262,270 7314,162 9663,422 7164,495 5984,335 7836,428 
9930,285 5293,113 4732,199 8395,310 2479,20 7048,324 21,244 5381,224 9586,361 1631,121 2641,466 2410,97 2628,356 1198,459 3190,384 
8959,90 2353,2 6580,230 4598,4 5111,472 504,419 502,182 3125,14 4487,15 8210,135 3825,199 2074,20 1672,472 8612,400 8121,69 
1096,279 5033,348 2094,107 9908,174 2055,47 2155,217 5303,374 227,44 4462,416 3030,6 8207,296 143,325 2247,220 2670,88 560,51 
4265,359 7409,375 1939,63 5338,378 8190,254 8093,100 2805,498 6059,235 7210,120 2645,491 3555,144 6152,132 863,362 931,94 3020,19 
5560,453 5436,315 2640,230 5132,141 3656,82 7100,438 2580,141 8917,377 1005,351 6974,118 9489,71 4303,290 2549,227 7084,132 2242,18 
6632,84 9629,489 272,139 7815,371 8732,21 5268,436 6550,163 3295,471 4513,173 2124,479 7321,295 9123,73 4933,323 2864,420 1882,167 
2387,492 3628,134 4643,443 9894,280 3307,141 9995,100 8989,292 8858,83 7116,121 6331,109 1891,38 8662,103 1275,35 2253,172 3971,31 
9779,34 1864,100 5502,304 4081,497 6687,209 8166,213 6581,191 4935,273 4725,379 2216,315 6195,362 4772,177 5614,38 399,323 6446,482 
3518,403 4733,384 3667,289 9286,420 470,167 9811,409 2477,231 7077,314 6475,185 5410,106 7727,157 2569,315 3947,4 1637,460 5302,179 
628,331 1097,205 6427,438 2535,436 9404,42 9953,292 4938,450 6744,197 2817,8 4489,163 3133,440 2615,376 8677,270 8050,459 289,326 
2150,356 4153,79 1432,231 772,118 3048,184 1291,74 5523,151 5604,443 6438,430 8015,417 7945,442 8437,48 9789,216 5312,489 8840,356 
8900,369 8286,304 4726,399 3057,135 9349,326 3353,227 4939,382 6243,151 7071,326 6425,189 1228,328 5171,470 6427,297 6634,114 607,391 
704,346 7431,471 1211,127 1165,113 1271,305 5640,288 6012,265 1775,471 4942,166 6306,351 5628,137 6453,360 5054,29 5728,318 7030,95 
6409,77 3283,150 611,331 8625,355 9264,280 7483,396 8382,22 834,496 4853,340 3954,162 1489,409 3885,107 8986,312 1114,250 7918,215 
7082,258 862,129 7909,114 6204,53 3722,22 3739,1 6225,232 1604,493 9814,467 6633,53 5263,338 3832,104 4912,427 4448,451 9119,266 
4776,87 6024,110 238,179 771,4 4233,164 1908,86 1293,436 153,345 7477,420 4996,441 7515,48 7335,125 2362,225 2831,196 1740,226 
4624,41 2464,490 4860,324 4465,269 9421,353 8644,278 2707,223 2234,273 6811,8 277,207 1943,117 1539,290 8828,200 266,410 4314,131 
102,372 7402,13 2782,55 8556,496 2063,142 1730,337 5483,12 4186,5 2443,406 6625,317 3890,473 9132,320 4921,279 8345,53 1021,240 
5969,399 9354,488 5986,423 5016,259 2328,422 6415,461 4564,383 451,146 9206,474 1047,109 7140,58 4415,314 5434,181 1957,218 7195,102 
1127,322 5127,388 7115,18 9805,401 4441,390 3134,174 5909,59 6332,450 6870,490 9488,359 4639,108 7201,141 3694,248 1919,326 3335,368 
3159,171 4100,264 8679,378 8663,1 8969,59 3677,144 9958,69 4375,367 150,72 3441,330 4582,333 8901,276 8544,199 6968,462 4549,136 
8718,112 3671,233 6533,287 2832,236 4343,428 7856,152 1625,226 3653,428 746,360 1916,219 759,144 9035,436 4999,206 9495,136 4918,41 
4484,358 4917,423 5008,1 5641,18 522,192 1766,126 5028,41 7165,405 1217,5 1733,95 2100,257 1177,204 6052,363 9504,106 4004,383 
1231,42 7414,219 5277,48 7815,3 861,394 6884,57 2612,95 5170,450 1815,60 4982,316 4083,41 8323,114 1329,8 4469,344 9621,419 
8740,204 6260,128 4672,450 8957,348 9584,257 1228,338 3169,279 1380,253 8683,407 7404,432 8882,174 902,58 8496,200 2545,14 1191,381 
4413,437 3058,27 2280,156 9357,387 2110,285 5710,178 154,40 9984,454 6789,137 34,302 5098,126 906,442 9767,225 5392,76 2153,231 
4454,131 4131,413 7142,432 5506,380 4822,174 4124,291 3631,304 3697,431 8696,165 8021,420 3721,274 8723,74 5903,482 9012,27 8801,474 
7970,21 167,174 8119,156 3747,367 5985,435 8925,474 1485,205 2882,467 4307,59 7030,118 5971,259 7921,266 2519,50 6693,152 9887,72 
1780,165 5838,371 9441,115 5853,499 5726,465 9171,14 8673,60 84,466 7324,440 5787,364 6078,119 4328,279 5626,290 6809,427 8029,64 
2827,398 671,335 1496,342 4320,462 6120,142 3962,471 2597,296 9657,300 7397,181 2869,242 1849,167 5893,21 2214,137 5346,290 9354,93 
953,82 9165,131 2134,3 8207,303 3892,146 9393,385 2965,201 1090,458 9949,159 5729,319 803,308 3951,399 5892,362 5003,395 9422,6 
6443,378 1556,75 9585,171 6314,286 8505,42 8315,97 8737,285 8134,140 2072,349 966,185 4624,316 491,221 5292,418 5778,311 7872,196 
8939,4 8574,494 469,81 9563,27 9997,349 3845,77 3061,30 3539,312 9610,239 6442,211 8757,109 1341,361 3387,430 8773,425 6229,343 
7084,111 5949,214 4105,201 671,211 2605,273 1797,320 7538,287 5486,204 1964,421 876,43 2713,486 404,324 5598,300 7391,125 212,382 
5646,168 1099,56 8456,42 4710,8 2628,201 7826,339 4961,415 2667,243 1839,251 6647,8 7689,334 4564,452 1956,204 5492,191 3340,233 
353,278 6944,489 1449,340 9957,13 5080,261 8371,256 1941,106 7833,85 7657,261 8744,298 9383,157 5627,358 6582,415 8054,22 8073,458 
4804,454 4274,287 5445,311 5670,69 9201,28 7989,338 6386,298 6820,327 9257,404 3399,3 2208,273 782,415 5522,184 7082,253 2073,174 
3722,379 3665,216 3338,385 5087,32 9401,44 1605,408 787,410 709,137 8554,369 6709,63 2850,445 9795,493 9634,72 5920,360 838,252 
9624,176 7759,170 3213,46 8440,485 5125,470 5755,110 9318,218 2302,436 2838,253 8943,140 6143,439 8182,130 4971,218 3161,303 8094,416 
593,52 3443,408 411,74 5077,437 5916,461 9907,141 2776,498 8438,453 9002,118 5088,456 6520,427 5593,11 862,352 6849,371 8760,251 
8270,123 5934,154 2788,87 9892,65 3258,441 8961,70 6671,163 5447,127 6182,485 2152,136 1326,350 716,188 6950,397 7855,161 6837,196 
6338,164 4210,271 4075,426 2831,487 6636,370 7090,341 3033,124 4117,257 6392,262 3905,277 6488,259 8998,252 2807,317 8173,321 1419,65 
1715,6 7273,10 4982,284 2802,130 8000,115 960,463 3393,333 2061,338 7681,329 9094,199 5043,107 5511,44 687,22 3759,484 2002,99 
462,274 6582,204 1109,440 2042,474 4203,174 4203,433 3126,117 3976,109 6705,93 919,361 7487,220 3549,289 4496,390 3776,365 4984,492 
7616,265 3197,306 6164,489 4794,168 1966,348 6312,426 6106,155 8553,79 7537,363 9777,230 5490,388 9591,7 6933,338 6640,101 6209,495 
7233,394 3308,259 3289,352 4660,483 1913,261 9148,150 949,71 899,153 7019,18 23,401 9908,429 1960,11 6439,179 537,211 4019,452 
4143,338 9157,59 8882,98 5158,257 6066,212 9457,465 6513,470 6948,489 2707,257 6784,489 6345,381 4799,211 1755,64 8234,192 6627,331 
4274,20 7192,360 2006,292 6469,192 7623,373 3929,424 2836,4 1762,94 4042,332 1964,28 1014,110 6599,377 6170,344 6106,167 8602,379 
5309,458 786,435 6865,328 3185,374 6025,226 2466,137 1967,309 2998,271 756,432 4064,487 9275,139 2193,130 2516,496 2162,281 2306,451 
2495,154 2082,355 8550,35 2023,363 1157,80 5953,63 8116,432 2669,312 3930,99 3273,109 2808,249 3369,386 7478,119 2332,297 1563,298 
2897,59 2925,49 9642,393 5120,246 1736,23 9847,172 7568,469 8530,304 1938,284 5005,494 8260,498 9127,429 8045,283 1926,373 462,9 
6801,244 5839,94 3907,315 2705,385 5328,432 7129,312 6200,342 8224,120 4994,306 9157,197 7802,202 8570,170 6704,462 4449,317 1799,175 
8907,481 2743,355 3796,133 7767,301 671,443 7173,198 5180,247 3544,291 8896,15 1921,300 9537,282 8336,159 2577,318 893,2 2929,233 
8123,404 690,10 2698,205 3495,75 3009,7 2951,56 7318,458 6225,105 2154,119 2828,252 8913,395 8123,209 1041,132 611,304 7548,26 
1330,483 6913,34 2283,112 4767,405 6315,134 5017,340 8354,332 4855,45 4315,32 6889,384 4449,204 7027,149 2814,484 5665,98 4383,294 
6445,298 4279,58 5218,96 3824,409 1854,320 4657,350 3901,57 7977,392 7187,191 6287,327 5671,280 2418,395 8057,333 396,25 5514,303 
6019,494 2877,148 5796,353 6665,246 7331,387 6860,319 1540,55 5828,479 4029,481 6802,133 2688,476 7016,209 4748,305 8215,30 4071,388 
1467,371 6658,338 9305,143 6340,172 2322,29 6562,222 2919,443 4707,356 3327,53 3592,0 9283,239 4989,184 5729,80 1683,381 2675,170 
3665,371 5623,124 7979,17 2005,54 3046,465 8448,67 2666,115 2526,357 5592,209 7334,263 5816,72 6218,380 3971,294 4634,76 7423,75 
1005,232 7736,254 8997,216 2323,454 7522,108 3575,57 4320,442 9030,369 8430,405 7760,83 7344,369 9329,39 2682,366 5440,216 6005,408 
1149,315 4355,479 1702,62 1068,343 383,457 3458,14 1781,348 8552,314 6249,127 7195,331 9261,357 9524,259 5458,276 7377,77 9298,61 
1419,65 5761,180 4485,256 7654,375 4964,414 3614,148 9281,197 3198,253 612,335 2140,78 7829,38 9765,42 6030,112 5674,26 7675,146 
9623,349 5629,147 3157,147 4311,409 6782,139 9005,36 4611,155 8947,20 145,236 2684,35 1410,419 7980,166 5909,244 1134,479 2282,114 
5549,272 1523,372 1934,340 9402,57 1741,249 7117,123 9591,263 5504,469 839,218 1438,434 1602,10 6025,49 7835,80 6199,149 9370,22 
9071,290 2557,167 729,79 3815,91 8651,315 7916,39 5765,151 2985,338 6878,432 7133,56 8280,104 4238,306 5775,5 4406,360 8327,230 
1725,240 1232,438 2252,149 2750,29 9470,101 3882,223 4801,50 2241,248 9778,287 8070,210 5963,298 4772,362 2635,473 6323,446 6590,389 
7135,497 4917,206 6879,420 6631,461 8502,464 7595,86 6268,175 8413,436 8969,399 4646,470 696,167 2958,425 9598,38 8837,91 2451,14 
9413,44 1577,3 2597,418 6910,485 5345,45 6497,398 1563,484 502,323 1137,485 6021,429 1643,298 4400,496 3106,208 630,127 2863,207 
7214,391 3753,497 3942,275 8768,301 6747,468 159,53 9349,288 8691,273 1637,149 9403,278 2886,464 550,106 7386,289 9304,413 6535,87 
6246,81 2871,219 7300,409 491,292 342,440 6425,241 2241,334 9496,369 3932,327 4170,216 5277,244 8012,24 8303,494 5751,341 875,84 
6248,169 4244,349 3851,55 5566,319 2301,51 8301,208 5654,488 4534,120 4669,336 9755,243 5213,363 5036,28 8484,485 5300,462 5122,277 
1590,315 6611,406 6996,453 9479,285 1753,2 185,256 9234,163 7234,493 3728,215 1081,42 8998,483 7221,386 3161,245 5195,263 6050,241 
7430,297 4130,422 5693,341 8897,386 599,276 4056,459 1308,145 3689,37 4141,449 644,356 3841,125 9682,114 3332,7 362,229 6902,221 
6387,303 5538,483 9644,70 7458,112 8371,226 549,32 7848,20 8147,394 3861,372 4948,130 8378,100 4886,62 3412,410 4412,447 6736,120 
9274,334 9047,158 6264,103 3315,459 6699,239 5885,54 4114,333 8262,135 2587,164 8182,484 1756,487 6332,255 1607,79 5909,327 551,483 
5462,237 9414,143 3012,139 9289,429 7566,28 4884,422 8120,238 8854,254 962,149 2058,182 379,464 5194,242 9472,348 9899,38 1484,205 
667,392 829,284 4950,461 3124,428 7591,366 249,166 6272,139 2854,400 3042,206 5605,340 3498,465 58,119 6912,379 8647,469 8067,430 
3916,224 1662,360 8633,231 6379,366 2697,136 4757,293 453,173 4879,485 3833,73 4491,421 2680,439 5119,121 3499,74 3799,225 1239,107 
6330,165 1748,489 1854,427 4212,131 9850,499 4426,295 7415,268 6332,63 8570,196 7436,95 997,26 6811,393 9187,84 218,12 7340,132 
3839,401 3786,152 6435,426 2309,306 4844,206 6625,372 2859,76 5954,123 9553,370 9924,410 9131,207 8584,277 6266,280 7325,478 853,420 
423,80 5782,270 7419,160 979,128 5548,237 6791,403 1252,484 5807,93 3731,204 4530,127 1726,254 2881,121 1364,325 2757,460 954,228 
280,249 8353,23 8802,210 5364,108 8397,456 7064,54 4219,444 4935,6 3134,44 1315,11 8133,295 4569,173 9447,243 1074,315 1708,40 
7406,179 2117,78 6618,202 2263,316 3971,314 7411,347 7031,253 844,169 4988,456 3886,399 2162,285 212,282 4134,443 5060,324 6475,232 
1182,358 1008,98 1427,274 2112,394 3678,468 7766,243 2012,374 1636,175 1135,230 3962,176 6253,387 4216,267 6258,202 7302,76 6538,272 
7012,18 9932,144 7298,358 6767,319 7303,231 4126,412 9446,449 7519,384 521,349 624,322 194,295 9526,40 6689,23 2859,268 387,263 
672,79 7345,129 547,242 3081,458 154,14 3093,413 4774,420 2419,58 6995,57 4250,6 7133,248 487,281 7294,124 7277,251 2018,62 
2493,93 399,455 3072,152 7665,379 5627,246 5966,184 2637,485 3667,41 619,430 4681,287 1546,77 2535,320 6089,412 1569,48 7633,416 
7659,460 2235,404 9501,400 3003,24 1836,102 4973,249 7393,365 1328,378 3085,249 2274,94 8024,487 9940,375 3710,258 6585,96 9202,51 
430,255 1077,274 472,446 8488,230 9050,301 9161,392 8694,59 3157,65 173,223 5397,64 3483,334 8223,318 7676,416 3999,73 7216,419 
8006,196 5319,171 8290,54 1386,260 150,278 9557,378 6010,12 2453,125 6911,94 8588,69 9834,339 1852,191 4264,149 9646,490 9667,70 
4167,446 466,376 4200,363 6908,102 5451,137 5,139 8204,230 8568,84 7652,234 9055,143 9539,366 6481,163 2767,433 6035,454 1039,151 
1446,296 9604,431 2219,207 905,300 7985,161 3162,239 5065,239 5687,197 4415,385 3175,385 1911,161 9337,404 8441,203 1536,419 6831,123 
3188,237 6572,115 8974,274 5813,164 8976,483 1593,295 3062,157 6200,56 2801,83 5864,185 5834,402 1876,411 687,452 7190,447 7258,83 
6285,339 3826,122 9773,433 9393,276 9984,32 433,409 2208,289 787,185 9141,457 7636,430 6796,487 5439,449 6407,459 3222,438 4355,49 
3083,290 3819,497 6657,294 6280,281 9082,141 62,257 2263,73 4640,150 5290,491 777,300 9399,230 3656,305 2859,246 8432,279 8603,354 
8132,217 1209,132 7197,38 1446,78 749,36 2231,127 9529,308 6294,188 3658,294 1401,426 2514,52 5898,317 5470,255 3431,451 4095,225 
2149,98 3499,334 4260,53 6833,286 3941,334 3555,107 5689,10 8702,296 3448,317 2790,397 5357,315 3070,212 397,419 7914,304 9952,80 
4943,430 8480,329 7715,460 1450,395 567,50 5170,30 2819,456 6628,186 905,70 8911,423 9895,309 247,117 7533,453 2128,279 1929,275 
700,287 4473,150 632,340 5613,219 4191,62 1596,172 4103,63 5380,156 1007,148 9466,103 2491,81 6444,110 2150,225 8882,135 109,154 
8325,490 3802,290 3198,450 4731,494 1026,130 2528,49 1009,271 8098,122 2419,134 6319,353 4216,16 5572,4 4740,473 9579,180 3097,341 
1816,489 8017,27 210,134 7197,216 9667,154 1621,341 8807,362 3560,461 6612,286 7923,316 6526,250 3507,482 4371,197 4790,414 4071,320 
8613,29 2632,371 645,91 7594,341 1337,392 2414,92 9092,172 8837,438 9183,220 3371,309 3007,364 3156,448 1151,172 2045,169 2940,489 
2373,184 495,252 2082,145 5524,304 672,85 7322,181 3512,351 8176,251 9407,52 776,382 2644,290 2078,464 1126,499 5807,402 988,335 
1083,0 403,356 7994,34 273,471 3248,385 5326,210 187,46 5541,233 5652,234 5845,182 6016,383 2192,107 7441,345 3091,92 3346,13 
6833,485 9967,432 7340,79 3646,127 1743,241 6347,73 9474,2 4053,120 7334,26 4592,115 2209,177 3790,476 4991,111 5957,143 2990,272 
9541,185 8007,140 8426,146 824,399 7314,73 3357,242 5369,198 1243,264 3009,401 166,384 648,279 4879,424 6850,427 8192,286 9425,3 
719,313 2220,205 4015,436 1559,477 6579,274 6182,474 7786,424 1089,86 1825,323 69,496 5270,184 5135,38 6252,221 3802,470 4270,22 
4970,3 7552,302 817,187 6928,7 8003,400 7788,207 1839,475 3972,222 4582,287 8196,445 2067,180 2411,401 4606,194 1055,335 1018,335 
4972,450 6681,451 4978,245 3579,343 1028,32 1330,22 7963,250 8228,312 5150,481 7041,217 5648,384 7319,454 5386,214 9486,455 6779,328 
3102,243 5931,127 8545,235 980,408 80,13 7688,122 9664,205 3982,43 5557,104 2793,294 8472,494 513,438 5495,235 6425,211 9046,12 
2854,493 5225,429 4797,89 8925,381 414,194 6618,223 9937,250 6119,336 4476,494 75,64 5745,158 2836,164 5058,483 6389,43 164,253 
6564,328 9222,213 7495,35 882,374 8765,444 4702,16 4354,175 2930,107 3431,310 4257,13 6742,462 878,191 7641,257 4725,346 2353,130 
9885,432 5590,300 5067,21 4174,348 8580,313 4791,118 9851,238 7195,150 4019,330 2115,168 8990,410 4173,179 9810,350 8348,373 8436,151 
7955,449 2386,143 5567,488 6466,131 7599,123 6049,289 6644,193 5752,265 3857,331 3666,105 6466,111 1603,123 4306,169 7307,398 3603,357 
3368,357 1067,358 3105,286 4999,418 7290,8 5253,128 4637,324 5329,308 6379,144 5251,300 6622,378 6254,386 9084,317 9758,260 3608,450 
1187,114 3879,401 9494,392 6112,17 5379,453 3989,8 6089,446 479,330 8704,378 7682,394 9709,241 7084,402 6321,326 6012,441 1863,336 
8213,387 9894,259 3506,350 106,15 5683,453 9031,292 5085,416 3897,161 297,76 6310,232 7351,75 5184,383 2138,115 8447,190 4138,392 
4485,71 3945,153 5254,93 3196,204 7056,107 8671,69 9369,475 9989,256 9443,376 6148,116 3798,393 3003,227 4464,314 3420,310 6626,349 
827,277 4130,312 1016,164 5693,126 6027,437 8397,58 9556,140 864,345 3524,341 3281,283 3988,366 7912,469 4686,85 4524,209 4426,496 
3541,157 3300,439 8363,161 5627,439 6052,436 2048,385 3153,12 7691,313 8418,59 2016,475 2324,138 7977,169 591,98 9426,276 1669,430 
1563,456 4074,185 3207,227 841,68 7142,232 3100,46 6235,427 6637,337 4054,259 3713,411 2652,453 9882,448 3600,27 7664,6 1783,95 
4732,404 5187,97 962,268 8188,404 6833,201 9274,163 4561,365 45,26 6429,451 3929,191 5166,269 5903,310 3111,141 5852,311 4765,407 
8041,1 6470,356 6878,60 1661,495 4365,497 6346,77 2211,409 5502,110 4993,388 8858,126 8686,365 687,128 1753,226 4521,150 6738,377 
3478,451 2566,392 2272,102 1058,238 3853,291 2350,15 1437,169 8243,330 5858,208 8565,308 1736,419 8960,404 285,286 4443,100 9949,72 
4624,56 9576,435 5249,321 9848,126 4370,237 4724,94 2999,335 2110,307 655,259 6773,141 2875,423 6407,402 3061,482 8323,196 712,257 
2573,145 9515,91 8629,82 3765,9 2636,422 4509,489 218,191 4929,349 9218,112 3126,121 2871,97 5251,271 9084,22 8438,272 4068,124 
1261,340 6066,48 89,402 1963,101 4660,195 7775,196 6149,133 238,207 6145,122 2947,284 4740,161 5712,370 2481,95 7194,131 2542,474 
6469,380 1417,19 6247,49 8571,257 7248,4 5839,187 4606,43 1288,4 9300,280 3002,151 8864,239 3307,148 2352,8 8604,46 6665,341 
9503,228 8558,462 5980,54 9526,109 2036,41 2905,366 7700,456 800,170 1621,128 2608,70 9530,138 6571,251 7620,58 3044,412 989,96 
5800,415 2703,59 8669,46 8787,479 2469,82 2138,458 5559,326 8879,304 7584,292 2774,138 1444,403 1084,479 4776,221 8171,29 4121,255 
7793,334 9557,416 680,162 5324,326 1684,157 81,30 3282,365 7443,23 1620,88 1609,211 7384,338 1527,467 4951,29 9262,183 4079,397 
4849,55 3876,469 9321,25 1461,69 5025,245 7937,255 3018,313 6433,153 460,116 2335,482 8674,171 139,144 4175,478 8050,385 6323,224 
9482,261 2986,2 6139,362 9967,263 5915,54 5836,126 9591,160 542,111 3214,263 5324,372 9410,122 9313,309 4181,387 622,151 2910,319 
3608,468 3933,112 9167,245 3028,415 9015,230 1029,144 2651,371 885,229 4644,455 2878,146 3152,137 812,253 1136,454 934,95 3534,56 
5789,281 7436,227 162,17 368,173 9378,272 2788,172 8408,454 7528,354 376,30 3944,250 1989,260 5654,317 9395,51 6277,262 4867,423 
1681,350 8330,470 9681,343 388,172 102,3 1492,327 6664,19 6235,363 4339,478 1818,175 7646,262 7931,443 6165,13 6853,192 2454,269 
5452,280 6941,93 8346,499 9306,451 7897,206 871,391 5464,78 487,168 1224,236 6030,417 2334,250 2795,81 6523,187 5428,139 4716,79 
1335,9 5975,50 958,349 4421,154 5974,339 5960,340 9847,218 2372,459 5162,306 7926,204 5764,148 2761,38 3677,388 7197,352 1014,272 
5323,339 2351,315 6236,293 6645,242 9366,157 7047,275 5116,494 6880,483 6993,457 4722,301 5010,469 878,437 7282,141 9384,74 1916,192 
3572,72 1923,202 2614,432 3928,127 7058,385 9513,452 8102,258 1024,479 5370,78 5069,383 5545,253 8206,386 4174,402 5459,387 9464,14 
9750,102 9500,314 1819,301 8519,1 1035,89 6520,356 7192,200 7137,317 5269,211 1127,42 1276,49 666,28 7575,284 1757,360 2952,467 
9188,477 4717,295 9552,108 4933,91 1913,459 5640,63 5406,280 3390,317 4849,45 2409,35 1874,371 4328,464 9739,292 9546,450 2350,118 
1700,265 5002,420 7206,14 197,99 7633,424 2997,321 7382,300 3513,169 1895,137 283,199 9857,33 9589,352 8521,407 9639,252 8078,264 
9931,100 5111,107 3652,242 846,394 9158,444 2873,234 5124,81 1230,178 8316,73 8685,42 8252,326 6460,91 1021,374 4173,156 9352,283 
1191,223 8971,109 9547,164 8657,481 3178,432 6533,34 5726,433 6212,195 885,332 2669,344 6520,408 4543,73 1978,455 4962,277 8889,233 
3118,42 4409,363 2489,193 8464,82 3841,399 2357,252 8463,271 9005,144 826,412 7342,286 6640,218 4872,425 7936,183 1005,304 2942,291 
9939,42 8883,476 6856,108 2832,164 601,476 3120,176 6858,466 5537,352 8904,257 5144,33 6315,345 5843,374 1357,462 1897,474 2359,116 
2317,213 7309,440 2211,420 602,116 6013,184 4632,45 1555,163 452,113 2022,141 8378,104 301,153 9691,300 1358,379 5973,150 1814,440 
3754,499 2039,244 4972,241 4384,20 4001,189 9884,392 4620,205 4981,8 7079,70 338,321 7768,293 287,347 7402,99 2086,332 8208,5 
130,156 2509,43 9749,211 3986,255 7643,411 2582,9 7288,26 7420,298 1559,413 6638,154 7613,109 8777,148 2204,478 5346,232 4951,480 
7416,346 5472,178 3674,461 1262,130 3411,15 9544,470 1983,38 8154,344 8841,160 3274,154 3162,370 1141,136 281,197 834,305 9387,457 
3697,366 3832,134 9627,283 814,470 4772,150 9647,90 8825,397 1438,316 7976,106 8235,306 7673,268 4999,40 145,290 1158,393 6092,481 
298,109 7988,218 6857,452 6736,88 1504,166 7668,342 2825,494 1044,143 1443,11 7942,406 8302,51 3050,146 3413,295 3091,205 5376,154 
1098,35 4312,77 6398,82 8902,138 8795,411 2392,9 6681,60 8158,24 2721,350 5514,128 4888,256 7574,450 969,289 9967,464 7885,214 
7769,387 2757,438 9562,248 3552,193 2206,304 9751,209 8914,427 2537,158 770,42 2789,205 4332,340 8433,58 5521,5 7808,467 7705,20 
5785,148 9592,33 3118,256 9421,320 5233,331 5121,355 5751,364 3788,267 2555,286 3433,407 5961,53 3674,376 9270,450 4398,57 403,72 
7673,129 4638,317 2152,8 1627,288 7624,192 4358,466 1764,399 389,48 4858,410 6956,157 2336,165 4160,481 4867,261 6441,376 4060,85 
6403,194 4116,180 8148,301 1420,88 8816,36 3649,392 414,192 3677,438 2267,153 4556,251 5415,172 1283,154 5005,193 6730,480 6363,137 
4985,138 9040,14 988,280 4467,94 6030,198 8454,476 7075,407 3714,417 3077,421 1814,362 9161,227 3748,0 8684,254 3285,488 419,16 
2375,63 2309,175 104,135 1587,395 1926,304 7871,40 4636,182 9113,30 907,163 7728,428 2143,25 7183,65 3954,206 6920,166 3570,99 
1389,395 436,83 2850,171 5407,189 5045,52 5020,275 8357,449 8546,199 6551,345 9190,88 5612,436 8870,147 4982,238 5821,194 8826,238 
6067,136 9023,249 6993,130 3625,162 665,112 210,311 6314,427 1324,1 3936,311 2392,221 5775,171 5156,312 9531,474 636,310 9182,371 
1858,187 2483,52 4218,256 1011,15 6759,200 5696,293 4210,218 9009,236 113,97 6985,96 3730,152 4291,166 7972,327 5144,321 1734,229 
3902,44 9216,49 5100,42 5949,248 1578,374 766,73 3852,158 4892,387 4194,129 4465,296 67,160 941,155 5817,227 9888,8 7111,499 
9320,158 2204,374 1746,271 4366,232 3623,412 3083,131 6713,193 1334,101 9657,84 8573,326 4333,432 6574,375 5120,421 8729,375 904,65 
3909,278 2015,299 3043,478 1843,147 8001,262 3697,100 1229,263 4591,151 490,466 6305,45 5484,202 6916,303 2692,116 9722,29 7498,446 
1509,477 9446,364 212,251 328,90 7009,145 5081,195 1771,61 2865,391 9405,214 2431,413 7437,189 3856,385 4812,168 6376,386 7502,281 
1241,139 4093,194 5557,344 1211,230 9106,220 1033,346 9115,242 1135,369 5116,478 1868,75 8259,48 9336,413 9551,418 9,392 6905,278 
6415,304 9278,366 2101,88 5552,483 8279,273 7886,370 1077,451 7927,219 5304,279 1526,420 9140,322 4353,487 2285,110 7334,225 6832,244 
2294,488 5634,354 2424,205 8907,354 8205,429 177,103 6087,176 6308,58 4800,292 1308,437 6765,259 4921,243 5911,470 6109,55 5870,100 
3580,360 9154,64 4500,388 1718,254 6302,456 9550,16 2197,301 1214,379 4246,317 2343,374 4356,125 5466,421 5041,403 4711,343 2079,212 
5520,44 352,259 8964,121 8778,364 8126,64 3344,26 5911,419 3663,0 9514,182 3207,215 2970,58 7520,335 7009,471 3453,351 1579,238 
6079,435 3194,448 911,388 1146,316 3220,386 5706,487 5792,253 7482,331 2529,491 4318,93 1403,221 154,137 2205,456 5258,138 2028,327 
8798,411 2063,378 1370,121 6822,120 6028,138 2153,276 3490,235 362,317 2343,6 3716,275 4545,105 7371,450 3829,84 8968,277 4638,255 
2978,142 4685,213 5898,254 7939,258 7607,204 9940,373 5929,88 3810,366 9133,469 8557,118 9715,407 6452,135 306,161 8502,415 7901,325 
679,446 517,353 5494,455 4058,317 5434,292 1389,174 3125,248 7711,116 1066,324 2725,268 1433,336 9488,449 1967,4 4880,172 448,229 
2128,357 1113,197 1228,266 7328,204 5749,417 7366,79 5382,304 905,490 9189,433 8043,233 8041,390 6993,7 337,256 3074,68 2874,437 
6450,247 9189,337 3088,298 8622,210 8148,445 1758,255 6079,105 4217,76 871,380 2327,415 9255,310 1162,64 1409,232 9069,312 231,340 
6889,135 6465,18 5637,273 6971,182 5751,113 7362,86 7717,191 1822,91 9339,24 4367,66 9921,52 4310,184 3998,419 2275,239 3105,228 
2627,396 152,265 7526,40 1453,56 1201,347 8475,350 7978,392 647,206 325,354 9848,124 651,69 7469,284 8743,377 325,482 1351,348 
5516,376 6689,376 5135,420 1196,55 2232,402 9080,313 4679,0 9391,215 7352,111 4190,51 2360,126 9605,304 2412,273 5351,259 9679,262 
8754,250 8748,218 9667,74 6957,356 8237,227 6102,156 2222,237 8423,304 2703,344 1090,197 1648,212 5941,433 8563,209 506,419 1542,231 
4238,440 3495,160 2891,249 8699,245 2767,416 4918,112 3021,399 3442,118 7062,39 2488,494 7299,31 5924,62 144,41 4675,371 21,360 
9073,294 8511,248 2473,461 7311,130 1138,308 2661,168 7226,49 760,154 9918,267 4421,255 8854,125 2293,335 7538,139 4158,200 6811,27 
4739,494 1540,338 2937,278 5183,164 3941,413 3378,52 4013,26 2602,288 1556,418 7600,206 2788,319 7132,219 8514,252 7923,120 575,436 
2693,474 4189,375 1982,33 9297,237 6654,222 6122,251 5837,108 9448,253 5349,27 958,51 3007,16 6297,93 7877,178 6361,355 5775,185 
9765,459 8197,63 6349,258 5157,52 5701,206 4726,497 8721,65 5587,35 8561,181 4105,48 8706,245 4735,42 8300,279 8918,420 7443,252 
9193,459 9728,199 8965,15 5880,82 803,481 8600,456 1378,148 3727,409 80,499 7716,434 1638,98 3474,429 1966,37 8354,369 9213,137 
7042,225 8555,138 2962,255 4083,323 5284,305 223,1 261,356 3969,136 7779,240 2300,305 4250,51 5797,190 4311,215 143,414 6213,94 
2042,39 5912,474 7251,221 7637,356 9313,55 4171,470 7338,92 5139,392 5168,88 911,346 6384,171 89,135 1289,339 606,0 6541,370 
1231,215 1263,364 2429,411 5691,346 6867,244 90,110 2972,187 12,340 31,149 1455,273 6926,136 1708,97 3012,324 3570,160 5458,160 
3364,121 4216,295 4955,64 1428,119 892,62 4126,112 9593,140 491,394 5514,68 7952,46 4536,187 5336,441 7560,306 1856,28 450,157 
1735,51 4286,432 2530,2 3737,487 6542,251 2545,31 901,333 1426,375 4204,206 9936,317 2665,362 9605,493 8851,315 2524,32 1607,391 
2431,206 2581,166 4592,250 3749,314 5529,368 6109,469 6340,36 1243,172 2355,394 1948,124 621,452 716,147 924,201 9910,23 6093,171 
1471,215 6190,477 6387,232 6371,361 7495,198 5796,21 5000,53 8001,479 2904,251 7397,104 8680,312 1480,309 9443,120 6265,365 6030,180 
3811,357 2349,227 143,328 8211,416 2859,388 4048,199 1628,47 4176,285 9998,452 4136,238 3011,136 7561,21 935,89 4506,39 8332,44 
2081,287 3037,279 7672,379 4120,326 7380,384 4923,327 3757,302 351,12 989,470 3059,329 2040,41 2431,439 7069,64 9489,321 6008,5 
4018,102 4713,257 2126,216 2508,410 8111,264 8375,386 5044,161 90,224 9273,266 1945,131 9419,127 6468,231 5189,444 4324,479 3495,205 
5182,494 196,179 330,22 8045,134 5257,398 152,422 2632,204 3706,279 9642,267 2492,349 7621,231 3491,163 9656,156 3769,381 7393,255 
7171,143 3454,124 7049,276 5807,40 6299,137 82,451 9587,207 9363,307 5582,227 5600,389 7797,121 9488,35 2520,246 2065,356 7534,249 
5269,389 5305,170 7087,439 8753,105 9772,240 5087,209 6400,279 430,494 5997,178 856,215 6128,470 163,439 8377,165 8318,176 289,384 
1553,49 9271,353 4697,138 1745,118 7207,490 1220,487 2209,174 2328,263 1879,361 1047,140 7537,451 2190,164 1050,227 8629,370 5497,388 
6521,230 1247,186 2470,96 3095,144 7053,401 9327,16 2116,372 8658,465 5289,488 2497,477 4923,262 6209,329 6716,236 9166,30 5795,486 
2061,44 8015,397 4166,347 7455,354 8894,245 2533,423 2326,34 8831,352 2296,127 4880,386 7200,480 2323,423 1396,225 1208,461 7143,175 
5062,375 3620,413 9751,397 599,52 5071,495 2766,402 2420,0 7324,175 528,426 9083,305 9262,233 3038,251 6417,261 4807,89 7794,449 
9476,40 3568,156 7359,458 2426,349 1290,213 4569,476 4308,254 2215,471 6749,28 2789,378 3545,349 2219,309 4534,419 2712,457 3685,201 
8811,406 8356,214 5455,85 8454,5 1830,349 7244,264 2372,316 5361,52 3537,261 7190,434 7523,16 7962,326 8188,239 7282,53 5338,363 
6938,125 1166,497 9086,140 4430,299 2526,334 1097,164 3526,108 3603,4 2297,21 8760,169 174,60 8806,410 819,179 7645,206 1103,479 
4319,448 3420,363 6691,444 5026,21 4454,116 8973,269 4593,81 4492,199 2792,453 7604,274 6244,486 4293,88 3290,275 7652,352 4742,21 
9281,441 7778,427 9300,486 7727,395 4499,82 4743,97 6305,21 5896,368 2235,352 1783,405 54,395 57,173 4048,157 4840,410 8913,297 
2763,292 5095,286 2421,211 5860,483 6050,350 4811,330 1302,294 9827,170 4597,2 1380,331 1202,345 3281,80 4680,224 3658,154 2799,416 
7974,205 966,103 9751,0 4370,151 8135,151 8600,292 6830,483 2457,21 4723,248 3436,218 2788,486 2404,280 408,413 7315,137 3595,313 
4723,192 2830,438 2751,200 2248,315 859,426 8046,284 132,228 7554,206 937,421 2471,430 7667,387 9119,44 21,170 3504,93 2737,283 
8735,415 7416,270 4770,312 3512,274 4674,290 6511,477 5827,75 7120,354 463,242 3731,355 4676,342 4051,448 7907,56 7875,15 800,368 
3927,309 3053,28 9314,349 2567,98 6139,106 4776,436 4228,162 86,180 4784,423 4815,350 3364,426 2973,74 9377,465 2482,492 7396,22 
9572,287 5825,14 5785,435 9147,122 8806,197 1663,485 3199,443 71,418 2530,339 8673,39 4196,475 8353,86 8804,220 556,278 5048,443 
5712,263 9448,379 623,157 1303,44 1983,297 7844,114 8140,295 8059,124 7813,196 8883,498 4725,216 1322,490 6057,295 5283,396 5477,483 
63,347 81,225 8702,115 254,225 3055,291 7084,331 8427,483 5230,48 1295,0 3802,425 8998,166 9900,66 2828,82 2825,59 888,480 
7987,64 8917,363 4097,263 5626,50 6395,289 352,471 1087,349 1997,334 7118,414 5493,295 7759,47 9208,325 7570,404 6367,378 1740,57 
8265,375 8740,265 1646,220 7394,201 9203,399 9497,251 5216,342 6109,400 6763,482 4500,118 9962,167 6547,196 4962,178 9250,346 9633,139 
9426,467 8750,289 6490,125 202,335 4412,460 4577,212 6473,320 686,53 5248,171 3739,32 4540,180 5242,59 6938,20 3511,373 7643,2 
2286,53 8179,476 493,301 3630,402 1516,335 5745,208 4579,65 2056,155 4884,477 2422,495 9281,455 8376,59 3642,116 7425,300 8426,44 
2964,147 2361,359 1872,62 6067,312 916,265 8309,65 6884,191 3626,295 5379,109 8071,383 6221,76 747,487 9065,494 3516,458 8210,17 
9416,468 5328,323 1168,255 6466,256 6750,214 1187,63 3311,431 902,308 5924,343 8201,473 6480,300 508,453 3566,14 7686,40 1220,497 
9955,27 9672,426 8581,380 8982,385 8475,3 1460,63 7250,413 6498,191 1655,1 7373,55 9797,80 4945,43 1852,143 3579,69 5053,233 
9502,31 6981,9 3575,183 757,457 1205,320 4737,278 1905,205 115,103 4068,369 5850,260 4222,139 9895,488 6468,429 7810,477 897,411 
238,13 2178,56 2666,482 8143,235 1165,464 3416,36 4511,329 8603,358 5885,400 4484,180 7439,22 6135,138 7279,119 5313,25 2550,486 
7998,266 2405,159 9371,80 5932,448 4430,219 7836,169 8222,37 4745,195 9553,233 3263,118 5701,223 7664,387 2164,173 4160,435 1117,102 
04,425 12634,327 65313,470 
78959,46 1316,150 52325,317 53278,3 32610,376 81617,236 77436,212 94359,380 17563,303 2778,66 82466,386 33927,31 3476,193 79893,22 81570,16 
25652,167 2729,195 94663,248 97963,29 63768,402 32404,125 32077,186 93198,202 28181,384 76282,213 23401,171 62576,359 48390,375 30466,359 23189,256 
6009,343 89950,29 98446,330 40776,185 78796,259 13136,144 9772,60 75393,386 21514,335 57665,22 90208,61 28763,224 82599,323 20689,369 59992,336 
53800,166 98416,54 71343,112 87953,432 96222,481 41607,361 13412,212 53232,474 33083,209 17406,126 36051,100 80390,94 53128,176 67214,469 43945,75 
90666,270 40384,45 65238,312 77229,366 95919,6 55168,252 17520,381 24626,201 97480,465 38667,378 88452,240 84968,106 59142,494 51284,84 13290,88 
48332,307 41515,217 45628,347 32597,338 67619,211 10198,240 16948,185 63854,357 2753,328 25194,165 37081,478 50909,33 81852,322 45231,51 33612,136 
67115,456 71839,435 96891,245 91113,270 6299,479 76916,441 81022,42 55015,446 47949,133 72218,104 29801,336 62908,154 75783,171 60586,50 6547,232 
23967,135 33135,452 18022,100 75656,167 80409,441 77487,133 11086,408 96091,444 18394,12 28693,88 31609,21 64321,65 67609,258 42008,158 88985,35 
74047,296 44575,401 74127,115 83192,263 71128,9 48160,133 74681,215 20816,258 78206,115 84024,271 4974,102 23827,273 87107,436 51768,97 67834,298 
73595,108 5105,121 44738,318 42032,226 33074,479 32598,492 30805,144 62690,212 80162,404 87636,245 13245,326 4307,340 88226,53 41443,366 72873,11 
3578,63 3985,419 41915,145 7837,27 94934,271 70089,97 29474,277 39781,150 91203,16 71918,458 23626,6 74479,172 93001,478 13068,456 83674,20 
18110,251 42689,123 21449,104 52440,120 9963,276 81697,326 91003,81 48706,496 64370,269 78545,83 78007,213 61233,431 63483,152 95986,423 38074,67 
45908,494 90368,498 18406,246 18699,430 61242,400 54346,406 90897,429 51117,427 89090,86 26917,351 25309,111 88185,304 4243,108 31348,133 9602,294 
31836,478 17687,42 22288,0 53480,115 40216,334 95443,343 62813,283 21403,106 1003,435 61892,225 43026,320 26393,27 75941,158 47358,189 17015,235 
30831,271 46773,138 38730,107 84496,178 47549,375 90794,10 97071,276 50729,91 63502,402 99140,281 88217,80 7818,43 69388,346 98407,340 82787,392 
694,286 96593,473 84346,451 62663,32 14212,24 59082,361 24100,436 80277,368 24183,51 59665,317 42123,489 88214,190 89178,466 65627,272 3268,277 
41469,435 63322,12 83139,67 99673,88 79780,303 6864,233 54317,147 47333,141 66084,14 43466,112 12366,230 85387,152 22160,316 42852,81 69271,154 
24380,321 85282,290 5665,376 3574,350 37456,368 56466,471 26115,218 14516,80 76416,84 82610,229 86261,52 43344,50 30722,202 70641,496 52577,71 
67045,330 40739,476 11552,466 5650,267 2713,6 66665,308 42959,275 28649,382 3126,386 9756,457 4980,287 53818,259 95076,301 36546,146 14776,472 
50445,123 92111,0 60263,474 56010,242 99170,164 79393,119 99989,432 44072,361 75197,246 62551,432 14991,333 91831,417 840,209 89645,283 93595,270 
14462,436 33569,417 21344,228 57966,395 87768,481 95982,79 85289,148 37815,463 38463,174 59452,2 31088,134 68159,488 75108,62 30360,295 7532,266 
37295,166 27669,389 86978,169 76787,470 42475,224 25248,310 53427,138 120,241 10841,497 64841,119 66626,409 75893,171 53292,470 16925,318 68120,14 
5650,236 70228,59 92759,184 12516,175 472,337 47926,233 91708,229 12862,445 6677,355 74993,81 97764,49 42052,476 57982,393 8081,465 47647,71 
14401,390 89625,451 5408,244 25683,306 14378,67 56846,328 14248,157 80084,68 1196,17 82585,363 57104,11 98380,108 27666,237 29778,183 86620,120 
21543,239 36205,129 2943,478 55076,494 40441,194 59035,447 66183,456 51602,242 15252,243 7264,30 78122,445 55899,120 80683,163 12361,161 28702,246 
67569,65 38354,236 36483,18 9351,87 64838,71 38080,428 68295,112 63533,434 37989,77 59457,446 48758,97 37529,173 74748,368 17459,460 4333,424 
61460,377 33565,397 63307,276 5511,99 4436,116 61853,88 39092,392 4738,273 76445,306 40164,187 75642,457 87258,309 42014,273 77917,394 69962,111 
34412,6 76162,422 91580,125 46616,336 22909,452 89456,81 40650,355 99919,325 442,275 48950,191 94063,480 5203,43 45478,346 8433,313 54378,332 
83754,182 32575,475 26136,261 88722,361 88125,175 50036,69 62442,225 88803,354 80977,234 40194,91 71611,36 83373,170 5886,451 23138,18 43428,121 
57374,414 13427,148 59536,398 60836,384 75733,312 14221,137 36422,158 99034,204 77848,42 23532,122 45031,411 63898,47 4603,430 2285,66 46077,116 
97414,112 2850,157 70271,201 13291,238 71971,406 31845,6 65945,482 86522,10 44349,486 35222,45 29555,269 63868,393 4312,490 56936,312 15352,57 
79577,235 61814,239 55937,87 77899,301 45399,212 12596,496 92661,304 28598,41 22150,318 45839,445 26903,37 35719,131 6478,377 33335,385 12008,415 
719,17 48888,420 70903,205 99203,123 52666,451 74097,290 5973,430 14720,167 21183,418 9572,374 93109,184 56115,4 61858,216 42232,66 40928,395 
88061,451 32644,171 52140,301 88814,311 39251,31 63449,99 71476,159 32701,102 85187,37 88770,176 84487,140 59880,259 34908,252 34727,111 39753,301 
36811,373 52017,448 67823,325 10490,257 17311,289 65587,466 30778,220 63583,61 47531,110 33391,110 80978,348 67930,164 75796,348 41318,355 78157,96 
49771,330 27670,464 50745,261 59052,65 66897,404 77238,319 27950,371 67209,387 41245,142 39975,118 32575,460 40296,430 70933,339 4811,427 15681,12 
71297,328 74139,162 23376,12 32534,48 41413,82 31505,275 14856,224 40161,30 28949,161 91501,210 91578,449 55067,10 69626,266 52311,246 23273,178 
99277,230 50504,62 65275,123 9701,131 46977,136 93266,454 74306,361 11711,2 12894,228 61925,485 60931,7 16206,136 59119,385 53528,448 9579,292 
3572,88 98008,414 867,464 53064,393 35009,364 49637,125 43568,86 25378,97 13901,458 52191,179 95471,98 40631,464 33845,498 99510,149 68577,460 
83687,204 31480,212 77522,464 90956,149 49053,401 89781,267 7129,301 41508,196 89196,220 64107,277 36373,412 75233,380 7069,374 82411,169 67038,141 
27599,209 32277,50 29615,303 7421,70 425,138 59486,397 86668,1 17589,303 13803,430 41749,123 60483,414 71678,346 6314,170 6302,17 18720,226 
53346,423 22975,409 34,256 53934,218 97946,19 87993,473 63232,94 51302,93 96095,352 62238,446 16454,487 67317,230 67455,24 96676,93 65029,262 
29606,159 40651,63 27255,419 13938,156 33059,274 52848,432 26215,202 17303,457 73075,421 97237,484 14553,463 37061,451 64438,434 56524,127 55187,255 
40042,411 82798,137 59548,448 56457,399 87375,311 13364,331 7642,55 64345,322 58501,388 61167,143 58987,284 26034,185 78629,84 74554,1 44667,92 
91763,313 50437,311 28660,10 31362,347 50354,435 83962,381 84090,281 94693,313 64370,80 41386,403 72796,172 67062,380 74102,176 97686,86 30714,309 
37444,395 78998,447 91906,255 4762,121 64963,24 76327,359 54039,60 13996,359 17840,42 68871,224 72733,479 90856,321 59078,109 50078,326 5860,280 
30573,296 13150,388 35536,94 93643,392 97983,460 61606,49 3865,89 38586,20 79525,387 58879,173 80005,303 32867,415 77279,357 17039,366 49285,231 
81556,130 33142,453 13670,411 3972,249 1801,486 50105,78 2753,444 24386,422 46988,389 536,292 19567,318 63990,160 30186,386 76359,375 12317,222 
27315,404 19224,372 51839,130 73344,166 16527,89 6738,406 845,428 17654,461 84066,28 44382,169 2541,377 42498,307 67800,253 35601,479 34469,256 
53295,114 67747,270 26587,409 18086,197 28659,326 60316,76 48632,89 61666,421 31577,122 70657,89 78483,73 46102,150 32546,455 37326,63 20583,344 
16050,362 16165,461 54260,52 67917,117 48220,408 28258,390 79744,417 51336,423 42241,113 23456,400 78044,299 16857,492 44585,32 80648,267 20928,396 
