  0 1059546140
  1 1054423946
  2 587051735
  3 577829804
  4 574325829
  5 570152232
  6 558872190
  7 555244214
  8 554509033
  9 552893447
 10 551759986
 11 550943353
 12 550893556
 13 549353481
 14 548197162
 15 547982556
 16 546542281
 17 543886056
 18 543342028
 19 542936677
 20 542332389
 21 541715199
 22 541359437
 23 540980196
 24 538491964
 25 537812711
 26 537760755
 27 537648614
 28 537348711
 29 537111289
 30 536824558
 31 536784757
 32 536583079
 33 535729216
 34 535256753
 35 534343985
 36 531556853
 37 530551890
 38 528499160
 39 528227089
 40 527842860
 41 526865050
 42 526182322
 43 525564224
 44 523748920
 45 522919189
 46 522102916
 47 521616246
 48 521387924
 49 520350364
 50 520209363
 51 518677861
 52 518556641
 53 518376636
 54 517979269
 55 517909587
 56 517521422
 57 517079642
 58 516934914
 59 516015339
 60 515671080
 61 515632754
 62 515590682
 63 515301752
 64 514154275
 65 513803546
 66 513691652
 67 513246663
 68 513122217
 69 512381289
 70 512168460
 71 511777758
 72 511338017
 73 510546847
 74 510058181
 75 508406153
 76 507026323
 77 506896959
 78 506458858
 79 505761343
 80 505647192
 81 505133869
 82 505056021
 83 504676825
 84 504132981
 85 503786316
 86 503641007
 87 503619265
 88 502663995
 89 502404558
 90 502387276
 91 502284266
 92 502041019
 93 501145440
 94 501061240
 95 501060138
 96 500600434
 97 500330548
 98 499258498
 99 499061234
100 498163145
101 497335706
102 495487014
103 495262585
104 493951081
105 493628775
106 493211809
107 493168135
108 492700163
109 492670102
110 490796184
111 490750393
112 490375760
113 489773399
114 489715554
115 488919543
116 488835454
117 488458695
118 487899692
119 487881159
120 487461520
121 487401604
122 486675063
123 486233524
124 486161766
125 484711353
126 484583988
127 483484911
128 477733942
129 475996611
130 475656544
131 475079441
132 466820021
133 462818231
134 457364940
135 371663719
136 360331351
137 358761786
138 345960631
139 343877320
140 338778844
141 337219980
142 333671149
143 327642458
144 290482361
145 277149457
146 276942637
147 273069146
148 267836576
149 267464180
150 267205501
151 266856017
152 266203162
153 265101113
154 264168080
155 260891300
156 260493577
157 259011909
158 258561054
159 257879716
160 256912833
161 256477011
162 256247623
163 256143822
164 255245729
165 255117055
166 255001728
167 254402605
168 253912762
169 253836788
170 253808658
171 253552710
172 253451012
173 253143200
174 253054534
175 252726644
176 252518021
177 251728257
178 251208610
179 250822697
180 249205209
181 248863427
182 247238398
183 246845576
184 245378749
185 244626927
186 228896396
187 223756475
188 223623810
189 219961967
190 217124866
191 215441983
192 214996732
193 214709143
194 214130273
195 213772057
196 213107744
197 212039309
198 211743651
199 210675221
200 210526410
201 210379525
202 208667059
203 207748198
204 207607466
205 207045178
206 206500939
207 204995876
208 201654606
209 197937785
210 183867185
211 98460675
212 61118891
213 52490554
214 39267613
215 36052247
216 34618222
217 30200730
218 29846063
219 29416781
220 29207100
221 29008407
222 28191437
223 27967919
224 27775442
225 27489067
226 27121792
227 26742545
228 26411634
229 26369966
230 25966720
231 25345841
232 24887209
233 24703884
234 24596235
235 24399285
236 23711872
237 23519583
238 23134336
239 23092953
240 22927336
241 22448256
242 22370432
243 22080051
244 21947845
245 21942829
246 21846144
247 21753168
248 21685807
249 21676727
250 21592327
251 21354766
252 21128525
253 20939646
254 20858315
255 20831818
256 20816872
257 20670727
258 20614621
259 20593955
260 20326528
261 20273280
262 20230089
263 20138673
264 20103125
265 20028702
266 19736495
267 19712753
268 19617920
269 19599577
270 19464726
271 19347584
272 19286261
273 19262088
274 19243795
275 19202252
276 19161377
277 19137855
278 19115680
279 18949518
280 18578995
281 18475264
282 18430080
283 18360449
284 18343787
285 18263248
286 18139840
287 18092739
288 18041629
289 17900787
290 17890773
291 17875209
292 17802673
293 17760384
294 17760384
295 17672320
296 17617944
297 17582818
298 17533664
299 17486240
300 17483789
301 17455568
302 17422464
303 17379456
304 17300835
305 17236842
306 17232776
307 17162741
308 17089176
309 17082496
310 17076397
311 17050485
312 17033046
313 16893720
314 16873005
315 16855521
316 16839223
317 16686580
318 16664589
319 16621333
320 16591800
321 16557497
322 16545657
323 16541364
324 16501316
325 16468904
326 16454937
327 16404608
328 16378477
329 16354362
330 16345216
331 16279366
332 16273705
333 16249420
334 16233080
335 16191616
336 16190041
337 16135560
338 16131272
339 16065830
340 16034404
341 16008629
342 15974528
343 15945806
344 15889054
345 15780747
346 15749289
347 15706767
348 15648948
349 15563967
350 15549224
351 15478450
352 15474816
353 15446975
354 15423616
355 15408329
356 15387219
357 15378082
358 15371980
359 15289235
360 15267802
361 15233152
362 15198986
363 15180849
364 15161907
365 15161472
366 15119938
367 15093888
368 15075616
369 15046579
370 15029875
371 15000299
372 14956771
373 14946972
374 14855583
375 14823478
376 14789410
377 14775708
378 14695721
379 14676148
380 14482460
381 14462072
382 14433365
383 14397671
384 14375310
385 14363779
386 14362307
387 14359478
388 14313600
389 14249000
390 14234427
391 14184984
392 14178138
393 14176083
394 14115792
395 14093551
396 14076032
397 14067512
398 14041216
399 14020736
400 14019705
401 14014582
402 14006924
403 13988878
404 13978284
405 13963351
406 13955426
407 13931179
408 13912107
409 13885612
410 13842549
411 13779332
412 13702771
413 13656517
414 13646606
415 13594678
416 13585530
417 13580009
418 13571280
419 13559173
420 13531954
421 13520382
422 13511087
423 13490008
424 13471959
425 13452301
426 13420697
427 13414528
428 13399734
429 13314900
430 13293515
431 13254874
432 13250848
433 13224055
434 13215133
435 13213824
436 13194463
437 13189312
438 13186975
439 13170391
440 13163733
441 13161169
442 13152314
443 13125975
444 13085596
445 13075359
446 13065612
447 13055884
448 13053839
449 13043817
450 13035765
451 13022833
452 13013990
453 13005152
454 12977902
455 12955593
456 12952368
457 12930070
458 12926140
459 12906520
460 12886474
461 12870239
462 12866557
463 12843821
464 12831826
465 12826582
466 12807979
467 12785876
468 12777210
469 12769847
470 12756366
471 12754921
472 12749424
473 12747894
474 12741680
475 12729820
476 12727928
477 12713813
478 12695680
479 12679965
480 12676962
481 12675305
482 12672166
483 12664591
484 12646886
485 12643813
486 12643067
487 12633382
488 12619558
489 12610326
490 12606241
491 12575396
492 12536275
493 12528764
494 12524725
495 12520126
496 12519388
497 12511939
498 12508716
499 12504234
500 12501120
501 12495906
502 12494987
503 12491122
504 12482688
505 12472890
506 12463496
507 12440200
508 12418147
509 12411008
510 12391660
511 12377742
512 12377615
513 12374569
514 12372536
515 12371433
516 12360893
517 12359161
518 12345289
519 12304520
520 12287103
521 12280381
522 12258175
523 12237859
524 12227998
525 12222116
526 12201595
527 12198930
528 12192989
529 12181632
530 12175406
531 12170693
532 12168015
533 12148864
534 12133825
535 12122946
536 12089673
537 12086524
538 12086145
539 12066294
540 12063806
541 12059507
542 12058906
543 12055329
544 12047978
545 12037261
546 12033110
547 12029390
548 12024875
549 12022107
550 12021261
551 12018823
552 12013467
553 12012452
554 12010865
555 12010478
556 12009412
557 11998470
558 11995679
559 11994859
560 11982431
561 11965109
562 11961332
563 11946327
564 11893723
565 11893108
566 11874875
567 11870956
568 11865384
569 11844320
570 11837342
571 11835367
572 11829011
573 11820932
574 11820908
575 11812170
576 11810238
577 11796244
578 11791068
579 11774865
580 11769507
581 11765888
582 11746781
583 11741062
584 11740886
585 11739886
586 11737216
587 11731061
588 11716855
589 11702232
590 11688064
591 11684862
592 11634337
593 11628058
594 11626740
595 11626228
596 11622738
597 11619868
598 11616384
599 11616195
600 11600029
601 11590284
602 11583042
603 11542247
604 11527614
605 11526684
606 11525689
607 11510849
608 11505484
609 11493463
610 11486686
611 11484362
612 11479913
613 11477231
614 11465033
615 11452651
616 11450194
617 11443471
618 11440689
619 11432026
620 11431382
621 11412762
622 11409720
623 11406431
624 11395296
625 11394473
626 11380851
627 11379527
628 11377339
629 11369671
630 11367866
631 11365655
632 11360486
633 11358573
634 11354742
635 11348710
636 11346114
637 11316328
638 11314756
639 11310434
640 11309184
641 11305791
642 11300992
643 11299407
644 11298085
645 11283582
646 11272320
647 11269612
648 11260814
649 11254474
650 11253756
651 11249456
652 11248455
653 11246496
654 11245109
655 11231360
656 11225216
657 11221406
658 11213314
659 11212955
660 11207355
661 11205664
662 11204006
663 11202499
664 11193602
665 11193268
666 11191650
667 11184130
668 11184094
669 11183647
670 11183457
671 11181446
672 11176623
673 11174250
674 11170334
675 11161521
676 11161196
677 11160877
678 11157785
679 11154468
680 11138147
681 11134105
682 11133830
683 11122183
684 11120708
685 11100945
686 11100130
687 11085915
688 11085607
689 11083374
690 11079866
691 11068866
692 11064884
693 11054732
694 11049966
695 11049098
696 11046952
697 11043559
698 11042037
699 11031254
700 11026243
701 11022464
702 11011286
703 10999203
704 10996656
705 10993607
706 10991159
707 10991094
708 10990880
709 10988338
710 10986716
711 10975007
712 10963305
713 10952756
714 10942592
715 10939131
716 10931921
717 10921567
718 10894988
719 10894406
720 10891682
721 10887931
722 10877148
723 10874679
724 10872787
725 10869391
726 10867860
727 10866447
728 10862323
729 10858776
730 10852002
731 10847611
732 10846768
733 10843832
734 10841337
735 10836304
736 10833935
737 10813386
738 10793301
739 10791921
740 10790541
741 10786578
742 10784595
743 10771610
744 10768701
745 10765600
746 10754631
747 10753135
748 10751410
749 10746937
750 10743970
751 10737665
752 10733847
753 10732251
754 10729824
755 10728099
756 10725160
757 10725029
758 10724982
759 10720741
760 10714576
761 10712216
762 10709202
763 10708950
764 10708168
765 10706614
766 10701590
767 10701149
768 10699265
769 10694110
770 10687311
771 10681477
772 10677236
773 10670604
774 10664698
775 10653494
776 10652877
777 10642901
778 10638390
779 10630578
780 10626920
781 10617116
782 10616595
783 10609581
784 10608239
785 10605231
786 10603717
787 10602166
788 10599953
789 10596431
790 10589917
791 10577976
792 10577743
793 10573515
794 10572752
795 10568999
796 10567404
797 10564704
798 10563329
799 10553155
800 10552051
801 10549070
802 10547154
803 10541258
804 10535158
805 10532053
806 10530533
807 10529483
808 10525136
809 10524554
810 10522352
811 10518284
812 10517408
813 10513905
814 10511239
815 10508310
816 10508000
817 10507137
818 10504158
819 10503352
820 10501773
821 10498031
822 10489139
823 10480391
824 10474904
825 10447868
826 10447222
827 10445353
828 10442206
829 10441590
830 10429398
831 10428382
832 10426550
833 10425229
834 10422447
835 10414832
836 10402398
837 10400020
838 10396315
839 10395500
840 10394239
841 10390947
842 10384506
843 10383887
844 10371282
845 10366978
846 10364247
847 10361866
848 10361490
849 10361452
850 10355753
851 10354751
852 10351778
853 10351152
854 10344491
855 10342226
856 10335734
857 10334529
858 10333123
859 10331216
860 10326997
861 10323804
862 10323804
863 10323157
864 10319296
865 10317185
866 10312775
867 10309980
868 10304369
869 10302828
870 10295199
871 10294741
872 10292829
873 10276872
874 10274629
875 10267572
876 10266007
877 10255463
878 10251428
879 10251097
880 10249958
881 10235611
882 10232581
883 10232537
884 10229848
885 10229577
886 10227333
887 10224612
888 10218398
889 10211473
890 10201342
891 10199789
892 10196995
893 10181692
894 10180103
895 10179657
896 10170433
897 10159725
898 10159566
899 10144730
900 10141785
901 10141660
902 10137728
903 10131005
904 10130685
905 10122694
906 10115556
907 10112863
908 10110980
909 10110351
910 10107269
911 10094743
912 10085867
913 10078197
914 10078050
915 10077337
916 10056995
917 10056970
918 10055959
919 10053718
920 10037362
921 10035180
922 10034711
923 10030604
924 10029406
925 10026371
926 10022428
927 10020122
928 10019861
929 10019269
930 10014683
931 10012231
932 10009697
933 10005675
934 10003794
935 10003747
936 9999506
937 9991106
938 9989331
939 9985701
940 9981359
941 9978046
942 9963914
943 9962558
944 9953962
945 9950320
946 9950311
947 9949269
948 9946681
949 9943129
950 9931950
951 9931015
952 9929799
953 9912387
954 9909484
955 9905048
956 9903835
957 9900469
958 9898992
959 9893875
960 9892349
961 9883335
962 9880303
963 9875962
964 9872606
965 9869647
966 9868187
967 9867748
968 9867455
969 9863942
970 9862012
971 9854062
972 9853589
973 9848545
974 9848207
975 9842240
976 9837832
977 9823847
978 9819759
979 9819276
980 9817847
981 9817143
982 9805570
983 9805526
984 9801120
985 9800861
986 9791106
987 9787692
988 9786739
989 9785480
990 9785346
991 9784201
992 9779971
993 9776548
994 9771348
995 9768399
996 9765802
997 9765188
998 9757151
999 9756133
