"one"
0  0
1  7
2  11
3  12
4  15
5  16
6  18
7  20
8  23
9  23
10  25
11  32
12  39
13  49
14  52
15  56
16  61
17  63
18  63
19  65
20  66
21  76
22  82
23  91
24  92
25  98
26  101
27  103
28  103
29  110
30  112
31  115
32  122
33  127
34  140
35  145
36  146
37  157
38  162
39  169
40  177
41  179
42  181
43  188
44  191
45  197
46  201
47  205
48  211
49  211
50  223
51  225
52  226
53  234
54  246
55  262
56  263
57  280
58  284
59  287
60  303
61  307
62  312
63  329
64  332
65  345
66  347
67  369
68  373
69  378
70  378
71  386
72  396
73  411
74  429
75  430
76  431
77  435
78  465
79  469
80  469
81  479
82  498
83  507
84  519
85  520
86  544
87  558
88  560
89  579
90  581
91  621
92  660
93  661
94  677
95  686
96  692
97  725
98  767
99  802

"two"
0  0
1  1
2  7
3  7
4  12
5  14
6  19
7  27
8  28
9  29
10  29
11  30
12  37
13  44
14  44
15  53
16  53
17  57
18  57
19  61
20  65
21  70
22  72
23  81
24  85
25  91
26  96
27  96
28  97
29  102
30  104
31  105
32  107
33  108
34  112
35  117
36  118
37  118
38  121
39  125
40  136
41  138
42  140
43  141
44  143
45  148
46  154
47  157
48  162
49  164
50  170
51  172
52  191
53  192
54  195
55  204
56  206
57  214
58  231
59  270
60  274
61  297
62  297
63  302
64  305
65  313
66  324
67  325
68  329
69  339
70  339
71  355
72  359
73  365
74  377
75  380
76  385
77  387
78  393
79  447
80  487
81  499
82  500
83  512
84  513
85  532
86  555
87  572
88  582
89  611
90  635
91  647
92  648
93  654
94  741
95  751
96  772
97  798
98  846
99  881

"three"
0  0
1  1
2  3
3  4
4  4
5  7
6  8
7  10
8  13
9  14
10  15
11  18
12  18
13  20
14  22
15  28
16  28
17  29
18  36
19  38
20  47
21  47
22  50
23  52
24  55
25  55
26  74
27  80
28  83
29  83
30  84
31  86
32  86
33  88
34  106
35  107
36  108
37  120
38  130
39  130
40  132
41  138
42  138
43  150
44  157
45  168
46  171
47  173
48  176
49  178
50  187
51  187
52  203
53  204
54  205
55  212
56  215
57  240
58  251
59  266
60  273
61  278
62  291
63  294
64  299
65  301
66  317
67  336
68  368
69  373
70  382
71  387
72  389
73  397
74  405
75  413
76  423
77  425
78  435
79  437
80  439
81  456
82  459
83  481
84  498
85  545
86  549
87  560
88  567
89  584
90  586
91  650
92  656
93  668
94  691
95  752
96  754
97  822
98  822
99  851
