1.0
0.183673469388
0.367346938776
1.55102040816
0.734693877551
0.918367346939
2.10204081633
2.28571428571
0.469387755102
2.65306122449
2.83673469388
2.02040816327
4.20408163265
4.38775510204
2.57142857143
3.75510204082
5.9387755102
6.12244897959
2.30612244898
0.489795918367
5.67346938776
7.85714285714
4.04081632653
3.22448979592
2.40816326531
4.59183673469
9.77551020408
5.95918367347
9.14285714286
10.3265306122
6.51020408163
2.69387755102
5.87755102041
0.0612244897959
1.24489795918
3.42857142857
7.61224489796
10.7959183673
7.97959183673
1.16326530612
10.3469387755
3.5306122449
10.7142857143
13.8979591837
12.0816326531
3.26530612245
12.4489795918
17.6326530612
14.8163265306
7.0
