"one"
0  65
1  12
2  31
3  91
4  14
5  71
6  24
7  49
8  91
9  4
10  5
11  91
12  82
13  68
14  41
15  91
16  11
17  79
18  67
19  46
20  43
21  100
22  99
23  64
24  28
25  43
26  68
27  29
28  100
29  90
30  67
31  42
32  32
33  24
34  26
35  74
36  9
37  0
38  42
39  71
40  99
41  64
42  64
43  36
44  83
45  38
46  99
47  54
48  49
49  15
50  78
51  50
52  96
53  47
54  10
55  94
56  67
57  98
58  8
59  9
60  20
61  76
62  80
63  60
64  14
65  51
66  93
67  76
68  37
69  47
70  80
71  74
72  48
73  88
74  64
75  38
76  36
77  90
78  19
79  52
80  11
81  34
82  89
83  9
84  96
85  38
86  8
87  80
88  15
89  89
90  96
91  87
92  17
93  33
94  20
95  26
96  58
97  56
98  26
99  64
100  80
101  67
102  15
103  48
104  36
105  57
106  93
107  4
108  91
109  30
110  35
111  8
112  34
113  76
114  57
115  76
116  69
117  16
118  1
119  72
120  38
121  89
122  27
123  19
124  20
125  91
126  34
127  16
128  70
129  52
130  82
131  88
132  91
133  42
134  41
135  5
136  28
137  53
138  10
139  44
140  33
141  73
142  56
143  13
144  55
145  27
146  10
147  81
148  16
149  2
150  97
151  54
152  47
153  81
154  89
155  69
156  65
157  63
158  98
159  98
160  44
161  73
162  80
163  50
164  10
165  33
166  14
167  82
168  55
169  47
170  98
171  77
172  91
173  47
174  81
175  53
176  59
177  13
178  44
179  30
180  17
181  81
182  20
183  49
184  38
185  25
186  29
187  86
188  60
189  21
190  92
191  12
192  41
193  41
194  30
195  28
196  97
197  15
198  29
199  72
200  26
201  22
202  60
203  72
204  43
205  1
206  19
207  20
208  38
209  53
210  79
211  51
212  20
213  34
214  8
215  38
216  81
217  1
218  41
219  90
220  84
221  83
222  86
223  52
224  1
225  48
226  0
227  12
228  93
229  1
230  62
231  51
232  97
233  8
234  95
235  100
236  8
237  59
238  31
239  81
240  3
241  64
242  28
243  62
244  81
245  22
246  60
247  57
248  3
249  0
250  43
251  96
252  94
253  9
254  48
255  93
256  96
257  9
258  95
259  39
260  90
261  5
262  6
263  50
264  45
265  5
266  75
267  9
268  63
269  91
270  30
271  29
272  29
273  93
274  94
275  27
276  22
277  74
278  82
279  84
280  82
281  64
282  51
283  1
284  47
285  56
286  91
287  42
288  96
289  48
290  39
291  31
292  81
293  82
294  20
295  45
296  16
297  28
298  13
299  43
300  43
301  87
302  63
303  12
304  12
305  89
306  29
307  100
308  67
309  60
310  83
311  51
312  16
313  2
314  10
315  92
316  36
317  80
318  12
319  77
320  96
321  21
322  90
323  51
324  32
325  78
326  38
327  71
328  23
329  88
330  77
331  32
332  21
333  62
334  53
335  83
336  51
337  60
338  57
339  53
340  45
341  100
342  70
343  35
344  26
345  98
346  49
347  14
348  73
349  11
350  14
351  92
352  7
353  50
354  46
355  80
356  41
357  8
358  41
359  44
360  19
361  68
362  85
363  32
364  82
365  52
366  34
367  25
368  100
369  93
370  36
371  10
372  76
373  10
374  97
375  13
376  69
377  94
378  8
379  15
380  32
381  9
382  44
383  54
384  78
385  72
386  87
387  16
388  21
389  74
390  95
391  11
392  57
393  16
394  8
395  92
396  69
397  98
398  85
399  28
400  14
401  68
402  54
403  8
404  59
405  14
406  26
407  74
408  54
409  98
410  98
411  3
412  94
413  75
414  68
415  70
416  80
417  40
418  15
419  52
420  5
421  67
422  7
423  12
424  76
425  12
426  26
427  92
428  64
429  36
430  90
431  2
432  69
433  69
434  58
435  99
436  25
437  33
438  13
439  81
440  79
441  9
442  94
443  18
444  28
445  74
446  71
447  100
448  70
449  82
450  88
451  52
452  27
453  91
454  31
455  80
456  42
457  60
458  29
459  61
460  76
461  27
462  45
463  83
464  32
465  43
466  10
467  29
468  49
469  18
470  20
471  35
472  68
473  4
474  76
475  39
476  35
477  19
478  26
479  21
480  66
481  58
482  15
483  79
484  49
485  95
486  29
487  60
488  41
489  34
490  17
491  4
492  29
493  93
494  54
495  3
496  0
497  98
498  43
499  77
500  64
501  32
502  91
503  11
504  25
505  67
506  76
507  33
508  18
509  16
510  75
511  28
512  26
513  11
514  99
515  51
516  30
517  16
518  87
519  62
520  61
521  83
522  76
523  67
524  86
525  12
526  72
527  83
528  51
529  60
530  6
531  27
532  25
533  42
534  86
535  2
536  41
537  24
538  12
539  0
540  15
541  46
542  39
543  95
544  82
545  60
546  74
547  44
548  34
549  69
550  26
551  86
552  19
553  96
554  89
555  6
556  12
557  73
558  53
559  20
560  59
561  3
562  2
563  25
564  52
565  42
566  40
567  81
568  5
569  20
570  74
571  49
572  96
573  98
574  1
575  45
576  32
577  68
578  89
579  2
580  87
581  18
582  92
583  60
584  79
585  42
586  8
587  91
588  0
589  50
590  85
591  6
592  68
593  91
594  61
595  80
596  97
597  48
598  64
599  24
600  23
601  1
602  4
603  69
604  82
605  33
606  7
607  94
608  45
609  10
610  58
611  51
612  18
613  57
614  60
615  66
616  56
617  10
618  40
619  94
620  14
621  27
622  22
623  75
624  74
625  53
626  54
627  92
628  21
629  85
630  74
631  65
632  42
633  69
634  3
635  88
636  76
637  98
638  8
639  93
640  39
641  25
642  23
643  88
644  24
645  37
646  38
647  43
648  19
649  4
650  51
651  64
652  38
653  75
654  42
655  39
656  61
657  66
658  39
659  72
660  90
661  35
662  95
663  96
664  48
665  64
666  56
667  31
668  88
669  31
670  29
671  58
672  57
673  39
674  56
675  45
676  3
677  0
678  55
679  63
680  53
681  94
682  78
683  78
684  68
685  96
686  21
687  90
688  38
689  58
690  23
691  19
692  64
693  2
694  91
695  97
696  87
697  35
698  28
699  77
700  86
701  43
702  57
703  40
704  62
705  64
706  80
707  79
708  62
709  45
710  84
711  61
712  46
713  4
714  37
715  14
716  15
717  35
718  5
719  41
720  7
721  24
722  80
723  63
724  48
725  20
726  18
727  73
728  48
729  29
730  20
731  39
732  6
733  54
734  61
735  56
736  34
737  16
738  23
739  47
740  58
741  53
742  33
743  72
744  34
745  27
746  35
747  40
748  3
749  30
750  4
751  51
752  57
753  34
754  10
755  96
756  18
757  51
758  38
759  34
760  96
761  87
762  96
763  99
764  92
765  71
766  15
767  77
768  86
769  14
770  66
771  59
772  99
773  65
774  52
775  90
776  71
777  10
778  74
779  47
780  18
781  93
782  0
783  83
784  15
785  83
786  1
787  85
788  33
789  7
790  42
791  47
792  69
793  33
794  66
795  37
796  19
797  96
798  25
799  13
800  35
801  3
802  83
803  55
804  58
805  92
806  27
807  60
808  8
809  59
810  92
811  75
812  54
813  11
814  72
815  96
816  25
817  17
818  95
819  16
820  40
821  54
822  16
823  83
824  37
825  95
826  73
827  31
828  35
829  21
830  38
831  55
832  84
833  4
834  52
835  3
836  47
837  23
838  43
839  23
840  43
841  72
842  92
843  0
844  38
845  4
846  73
847  62
848  4
849  84
850  93
851  99
852  5
853  28
854  17
855  77
856  19
857  80
858  40
859  81
860  40
861  88
862  70
863  31
864  77
865  9
866  9
867  46
868  24
869  79
870  62
871  56
872  38
873  94
874  87
875  19
876  40
877  87
878  62
879  69
880  73
881  43
882  85
883  75
884  44
885  95
886  36
887  58
888  62
889  78
890  75
891  36
892  39
893  3
894  83
895  40
896  76
897  36
898  67
899  87
900  41
901  12
902  35
903  49
904  84
905  6
906  18
907  58
908  99
909  44
910  82
911  0
912  59
913  82
914  76
915  3
916  41
917  63
918  91
919  15
920  62
921  2
922  92
923  51
924  95
925  15
926  21
927  43
928  95
929  83
930  13
931  4
932  7
933  2
934  4
935  48
936  91
937  51
938  98
939  81
940  59
941  5
942  75
943  85
944  21
945  34
946  62
947  37
948  86
949  30
950  52
951  6
952  92
953  29
954  79
955  45
956  62
957  70
958  96
959  63
960  39
961  40
962  33
963  29
964  91
965  30
966  42
967  70
968  10
969  18
970  38
971  71
972  32
973  76
974  54
975  28
976  28
977  43
978  100
979  65
980  61
981  78
982  85
983  31
984  5
985  67
986  82
987  19
988  32
989  41
990  44
991  20
992  89
993  97
994  88
995  21
996  34
997  50
998  89
999  14

"two"
0  36
1  98
2  85
3  57
4  31
5  49
6  62
7  75
8  50
9  31
10  22
11  75
12  4
13  76
14  60
15  57
16  38
17  31
18  78
19  49
20  78
21  44
22  7
23  86
24  96
25  94
26  85
27  92
28  78
29  11
30  76
31  80
32  36
33  51
34  55
35  39
36  33
37  49
38  7
39  70
40  48
41  42
42  49
43  25
44  55
45  31
46  34
47  79
48  33
49  59
50  93
51  4
52  94
53  23
54  93
55  5
56  76
57  69
58  7
59  92
60  84
61  30
62  53
63  38
64  93
65  82
66  52
67  38
68  56
69  15
70  38
71  79
72  9
73  80
74  88
75  8
76  6
77  66
78  75
79  51
80  55
81  10
82  47
83  68
84  85
85  47
86  87
87  90
88  70
89  91
90  5
91  17
92  12
93  42
94  43
95  67
96  39
97  57
98  42
99  75
100  26
101  58
102  82
103  54
104  71
105  59
106  26
107  98
108  79
109  1
110  79
111  36
112  13
113  77
114  46
115  63
116  2
117  43
118  53
119  92
120  25
121  10
122  15
123  78
124  8
125  8
126  48
127  14
128  2
129  57
130  54
131  82
132  80
133  100
134  69
135  16
136  64
137  8
138  34
139  85
140  9
141  64
142  56
143  20
144  44
145  9
146  59
147  84
148  40
149  57
150  16
151  78
152  75
153  89
154  99
155  97
156  6
157  49
158  23
159  68
160  31
161  9
162  64
163  36
164  79
165  58
166  49
167  53
168  59
169  100
170  91
171  50
172  34
173  47
174  73
175  92
176  86
177  32
178  66
179  96
180  96
181  46
182  95
183  3
184  94
185  29
186  92
187  46
188  41
189  91
190  71
191  83
192  42
193  13
194  20
195  11
196  42
197  17
198  36
199  81
200  42
201  73
202  50
203  55
204  26
205  78
206  91
207  5
208  21
209  57
210  86
211  26
212  98
213  55
214  55
215  17
216  82
217  25
218  17
219  8
220  28
221  98
222  56
223  36
224  89
225  76
226  82
227  98
228  17
229  42
230  21
231  54
232  68
233  66
234  46
235  90
236  93
237  3
238  48
239  7
240  73
241  2
242  56
243  20
244  18
245  97
246  48
247  93
248  34
249  95
250  69
251  1
252  99
253  69
254  44
255  15
256  19
257  32
258  58
259  38
260  32
261  45
262  30
263  48
264  95
265  2
266  56
267  66
268  80
269  97
270  77
271  68
272  41
273  75
274  63
275  69
276  39
277  65
278  43
279  82
280  70
281  24
282  88
283  18
284  80
285  69
286  65
287  82
288  3
289  93
290  39
291  96
292  85
293  34
294  37
295  82
296  77
297  0
298  49
299  21
300  38
301  42
302  76
303  55
304  10
305  59
306  92
307  14
308  8
309  5
310  36
311  37
312  31
313  79
314  84
315  33
316  64
317  76
318  94
319  70
320  3
321  95
322  14
323  16
324  15
325  89
326  43
327  49
328  47
329  70
330  79
331  29
332  93
333  10
334  18
335  94
336  45
337  97
338  54
339  17
340  72
341  18
342  69
343  30
344  33
345  97
346  27
347  40
348  88
349  30
350  50
351  1
352  29
353  4
354  97
355  62
356  88
357  61
358  81
359  33
360  4
361  94
362  37
363  19
364  43
365  80
366  69
367  51
368  67
369  66
370  28
371  4
372  86
373  81
374  43
375  31
376  29
377  48
378  95
379  70
380  67
381  41
382  15
383  87
384  87
385  97
386  97
387  31
388  80
389  96
390  30
391  14
392  66
393  39
394  100
395  54
396  28
397  16
398  0
399  21
400  60
401  37
402  39
403  48
404  62
405  71
406  96
407  94
408  69
409  69
410  16
411  44
412  100
413  57
414  68
415  88
416  35
417  21
418  98
419  45
420  75
421  98
422  1
423  37
424  89
425  67
426  41
427  35
428  77
429  53
430  93
431  16
432  19
433  6
434  11
435  22
436  71
437  41
438  2
439  33
440  89
441  54
442  58
443  72
444  86
445  84
446  62
447  83
448  72
449  3
450  44
451  87
452  70
453  86
454  7
455  12
456  88
457  70
458  33
459  77
460  6
461  23
462  10
463  43
464  8
465  74
466  47
467  64
468  75
469  9
470  43
471  69
472  8
473  82
474  14
475  40
476  14
477  99
478  41
479  22
480  8
481  88
482  18
483  70
484  81
485  1
486  57
487  77
488  13
489  8
490  86
491  0
492  60
493  36
494  1
495  100
496  21
497  82
498  81
499  11
500  74
501  16
502  23
503  45
504  7
505  96
506  17
507  72
508  24
509  95
510  79
511  50
512  69
513  92
514  51
515  82
516  52
517  41
518  26
519  83
520  63
521  55
522  70
523  15
524  9
525  56
526  87
527  93
528  61
529  18
530  62
531  72
532  70
533  99
534  94
535  77
536  66
537  16
538  3
539  51
540  73
541  53
542  54
543  90
544  88
545  16
546  72
547  20
548  47
549  63
550  54
551  82
552  35
553  33
554  98
555  91
556  93
557  29
558  68
559  12
560  91
561  61
562  0
563  48
564  5
565  45
566  20
567  89
568  5
569  31
570  13
571  45
572  85
573  97
574  24
575  95
576  25
577  41
578  75
579  98
580  60
581  89
582  73
583  26
584  54
585  92
586  59
587  16
588  23
589  88
590  76
591  4
592  65
593  68
594  1
595  51
596  30
597  92
598  72
599  54
600  6
601  53
602  26
603  17
604  47
605  42
606  88
607  88
608  44
609  5
610  24
611  22
612  36
613  28
614  99
615  1
616  64
617  84
618  27
619  82
620  70
621  85
622  72
623  26
624  45
625  70
626  48
627  26
628  69
629  30
630  15
631  4
632  34
633  99
634  6
635  53
636  31
637  57
638  2
639  30
640  10
641  96
642  96
643  18
644  91
645  37
646  16
647  57
648  44
649  79
650  43
651  41
652  50
653  52
654  56
655  64
656  83
657  92
658  81
659  97
660  47
661  27
662  41
663  83
664  73
665  56
666  50
667  57
668  73
669  62
670  62
671  51
672  69
673  84
674  13
675  97
676  18
677  16
678  71
679  64
680  24
681  90
682  57
683  23
684  40
685  70
686  5
687  32
688  55
689  96
690  26
691  26
692  39
693  26
694  91
695  19
696  64
697  85
698  60
699  80
700  6
701  36
702  75
703  29
704  35
705  82
706  68
707  70
708  60
709  92
710  37
711  1
712  17
713  74
714  48
715  87
716  31
717  90
718  73
719  57
720  21
721  11
722  94
723  18
724  95
725  24
726  35
727  21
728  5
729  62
730  24
731  79
732  54
733  33
734  78
735  15
736  28
737  73
738  53
739  40
740  36
741  49
742  9
743  84
744  30
745  90
746  14
747  65
748  47
749  4
750  95
751  29
752  11
753  53
754  31
755  21
756  70
757  55
758  82
759  58
760  0
761  59
762  49
763  55
764  57
765  69
766  11
767  92
768  82
769  66
770  35
771  53
772  98
773  0
774  69
775  58
776  44
777  39
778  91
779  34
780  78
781  88
782  85
783  24
784  50
785  30
786  41
787  40
788  42
789  24
790  13
791  68
792  16
793  35
794  88
795  7
796  91
797  91
798  65
799  98
800  9
801  39
802  89
803  14
804  10
805  9
806  76
807  22
808  63
809  29
810  9
811  60
812  80
813  45
814  42
815  40
816  97
817  56
818  42
819  50
820  13
821  83
822  59
823  34
824  25
825  75
826  96
827  85
828  98
829  97
830  62
831  36
832  4
833  68
834  89
835  73
836  68
837  15
838  56
839  85
840  43
841  44
842  7
843  30
844  9
845  67
846  19
847  25
848  15
849  73
850  7
851  11
852  27
853  48
854  92
855  21
856  98
857  45
858  12
859  3
860  8
861  64
862  76
863  72
864  90
865  44
866  26
867  6
868  69
869  84
870  94
871  20
872  97
873  8
874  94
875  41
876  76
877  44
878  94
879  23
880  44
881  59
882  83
883  29
884  34
885  24
886  0
887  8
888  46
889  93
890  81
891  21
892  21
893  6
894  2
895  16
896  21
897  25
898  34
899  52
900  46
901  63
902  67
903  75
904  81
905  91
906  65
907  53
908  6
909  91
910  78
911  23
912  21
913  90
914  60
915  54
916  95
917  0
918  3
919  36
920  15
921  94
922  6
923  9
924  16
925  38
926  40
927  72
928  92
929  63
930  88
931  42
932  31
933  25
934  63
935  99
936  8
937  86
938  84
939  47
940  59
941  51
942  50
943  30
944  96
945  80
946  51
947  63
948  46
949  77
950  81
951  36
952  1
953  73
954  31
955  9
956  92
957  9
958  92
959  73
960  89
961  12
962  53
963  6
964  68
965  45
966  67
967  53
968  2
969  54
970  14
971  33
972  51
973  49
974  21
975  60
976  52
977  6
978  4
979  18
980  2
981  95
982  91
983  57
984  3
985  91
986  49
987  58
988  97
989  32
990  33
991  97
992  69
993  9
994  83
995  57
996  47
997  83
998  47
999  4

"three"
0  -15.0
1  19.1001001001
2  -13.7997997998
3  -5.6996996997
4  -16.5995995996
5  5.5005005005
6  5.6006006006
7  2.7007007007
8  -8.1991991992
9  -7.0990990991
10  3.001001001
11  20.1011011011
12  -0.798798798799
13  -14.6986986987
14  20.4014014014
15  9.5015015015
16  13.6016016016
17  16.7017017017
18  4.8018018018
19  1.9019019019
20  9.002002002
21  15.1021021021
22  21.2022022022
23  2.3023023023
24  7.4024024024
25  12.5025025025
26  13.6026026026
27  10.7027027027
28  -5.1971971972
29  13.9029029029
30  -15.996996997
31  14.1031031031
32  22.2032032032
33  -5.6966966967
34  1.4034034034
35  8.5035035035
36  12.6036036036
37  -16.2962962963
38  -3.1961961962
39  -10.0960960961
40  -9.995995996
41  -1.8958958959
42  0.204204204204
43  15.3043043043
44  11.4044044044
45  -13.4954954955
46  14.6046046046
47  -8.2952952953
48  -14.1951951952
49  17.9049049049
50  7.00500500501
51  23.1051051051
52  -2.79479479479
53  2.30530530531
54  0.405405405405
55  -12.4944944945
56  25.6056056056
57  -1.29429429429
58  25.8058058058
59  -10.0940940941
60  -13.993993994
61  5.10610610611
62  -9.79379379379
63  2.30630630631
64  -7.59359359359
65  -9.49349349349
66  -11.3933933934
67  -10.2932932933
68  21.8068068068
69  5.90690690691
70  18.007007007
71  3.10710710711
72  -10.7927927928
73  21.3073073073
74  -5.59259259259
75  -11.4924924925
76  0.607607607608
77  11.7077077077
78  0.807807807808
79  -12.0920920921
80  21.008008008
81  13.1081081081
82  25.2082082082
83  4.30830830831
84  24.4084084084
85  -7.49149149149
86  7.60860860861
87  26.7087087087
88  5.80880880881
89  -4.09109109109
90  -8.99099099099
91  -7.89089089089
92  6.20920920921
93  9.30930930931
94  -0.590590590591
95  28.5095095095
96  6.60960960961
97  -10.2902902903
98  1.80980980981
99  29.9099099099
100  7.01001001001
101  15.1101101101
102  6.21021021021
103  0.31031031031
104  -6.58958958959
105  26.5105105105
106  -7.38938938939
107  10.7107107107
108  13.8108108108
109  22.9109109109
110  6.01101101101
111  26.1111111111
112  21.2112112112
113  -5.68868868869
114  28.4114114114
115  14.5115115115
116  0.611611611612
117  13.7117117117
118  -4.18818818819
119  18.9119119119
120  0.012012012012
121  19.1121121121
122  -4.78778778779
123  10.3123123123
124  8.41241241241
125  8.51251251251
126  3.61261261261
127  29.7127127127
128  -4.18718718719
129  25.9129129129
130  11.013013013
131  8.11311311311
132  21.2132132132
133  -2.68668668669
134  27.4134134134
135  -1.48648648649
136  6.61361361361
137  28.7137137137
138  2.81381381381
139  32.9139139139
140  26.014014014
141  28.1141141141
142  28.2142142142
143  33.3143143143
144  21.4144144144
145  -0.485485485485
146  31.6146146146
147  26.7147147147
148  8.81481481481
149  13.9149149149
150  -2.98498498498
151  27.1151151151
152  1.21521521522
153  19.3153153153
154  2.41541541542
155  30.5155155155
156  -3.38438438438
157  13.7157157157
158  29.8158158158
159  15.9159159159
160  -0.983983983984
161  16.1161161161
162  29.2162162162
163  32.3163163163
164  6.41641641642
165  19.5165165165
166  3.61661661662
167  -2.28328328328
168  -3.18318318318
169  27.9169169169
170  2.01701701702
171  4.11711711712
172  34.2172172172
173  14.3173173173
174  20.4174174174
175  22.5175175175
176  19.6176176176
177  31.7177177177
178  23.8178178178
179  5.91791791792
180  12.018018018
181  19.1181181181
182  13.2182182182
183  30.3183183183
184  38.4184184184
185  37.5185185185
186  34.6186186186
187  23.7187187187
188  32.8188188188
189  34.9189189189
190  19.019019019
191  9.11911911912
192  38.2192192192
193  38.3193193193
194  16.4194194194
195  25.5195195195
196  9.61961961962
197  30.7197197197
198  26.8198198198
199  -0.0800800800801
200  29.02002002
201  21.1201201201
202  2.22022022022
203  33.3203203203
204  7.42042042042
205  17.5205205205
206  16.6206206206
207  20.7207207207
208  39.8208208208
209  25.9209209209
210  20.021021021
211  26.1211211211
212  12.2212212212
213  24.3213213213
214  14.4214214214
215  38.5215215215
216  41.6216216216
217  21.7217217217
218  17.8218218218
219  16.9219219219
220  37.022022022
221  19.1221221221
222  36.2222222222
223  41.3223223223
224  18.4224224224
225  15.5225225225
226  39.6226226226
227  40.7227227227
228  26.8228228228
229  22.9229229229
230  10.023023023
231  38.1231231231
232  43.2232232232
233  43.3233233233
234  14.4234234234
235  10.5235235235
236  33.6236236236
237  5.72372372372
238  9.82382382382
239  19.9239239239
240  43.024024024
241  39.1241241241
242  36.2242242242
243  33.3243243243
244  6.42442442442
245  21.5245245245
246  22.6246246246
247  11.7247247247
248  29.8248248248
249  16.9249249249
250  13.025025025
251  21.1251251251
252  23.2252252252
253  8.32532532533
254  40.4254254254
255  30.5255255255
256  44.6256256256
257  13.7257257257
258  25.8258258258
259  35.9259259259
260  22.026026026
261  20.1261261261
262  40.2262262262
263  44.3263263263
264  37.4264264264
265  29.5265265265
266  16.6266266266
267  39.7267267267
268  11.8268268268
269  38.9269269269
270  12.027027027
271  7.12712712713
272  35.2272272272
273  41.3273273273
274  44.4274274274
275  43.5275275275
276  10.6276276276
277  41.7277277277
278  39.8278278278
279  29.9279279279
280  13.028028028
281  42.1281281281
282  36.2282282282
283  33.3283283283
284  10.4284284284
285  20.5285285285
286  34.6286286286
287  43.7287287287
288  13.8288288288
289  34.9289289289
290  35.029029029
291  37.1291291291
292  25.2292292292
293  29.3293293293
294  49.4294294294
295  21.5295295295
296  23.6296296296
297  11.7297297297
298  17.8298298298
299  17.9299299299
300  43.03003003
301  19.1301301301
302  31.2302302302
303  47.3303303303
304  29.4304304304
305  42.5305305305
306  40.6306306306
307  45.7307307307
308  34.8308308308
309  46.9309309309
310  35.031031031
311  26.1311311311
312  23.2312312312
313  43.3313313313
314  32.4314314314
315  19.5315315315
316  33.6316316316
317  20.7317317317
318  19.8318318318
319  48.9319319319
320  26.032032032
321  39.1321321321
322  29.2322322322
323  12.3323323323
324  27.4324324324
325  25.5325325325
326  44.6326326326
327  48.7327327327
328  23.8328328328
329  35.9329329329
330  20.033033033
331  38.1331331331
332  20.2332332332
333  27.3333333333
334  34.4334334334
335  51.5335335335
336  26.6336336336
337  30.7337337337
338  22.8338338338
339  25.9339339339
340  53.034034034
341  25.1341341341
342  46.2342342342
343  37.3343343343
344  48.4344344344
345  16.5345345345
346  17.6346346346
347  47.7347347347
348  53.8348348348
349  20.9349349349
350  36.035035035
351  21.1351351351
352  41.2352352352
353  33.3353353353
354  50.4354354354
355  16.5355355355
356  40.6356356356
357  22.7357357357
358  52.8358358358
359  24.9359359359
360  32.036036036
361  40.1361361361
362  56.2362362362
363  28.3363363363
364  41.4364364364
365  37.5365365365
366  49.6366366366
367  23.7367367367
368  42.8368368368
369  33.9369369369
370  40.037037037
371  41.1371371371
372  34.2372372372
373  30.3373373373
374  56.4374374374
375  35.5375375375
376  43.6376376376
377  31.7377377377
378  27.8378378378
379  46.9379379379
380  30.038038038
381  49.1381381381
382  49.2382382382
383  54.3383383383
384  37.4384384384
385  48.5385385385
386  37.6386386386
387  33.7387387387
388  32.8388388388
389  57.9389389389
390  44.039039039
391  35.1391391391
392  58.2392392392
393  58.3393393393
394  33.4394394394
395  26.5395395395
396  19.6396396396
397  26.7397397397
398  54.8398398398
399  21.9399399399
400  39.04004004
401  20.1401401401
402  38.2402402402
403  50.3403403403
404  57.4404404404
405  39.5405405405
406  58.6406406406
407  31.7407407407
408  48.8408408408
409  32.9409409409
410  32.041041041
411  50.1411411411
412  40.2412412412
413  42.3413413413
414  35.4414414414
415  41.5415415415
416  60.6416416416
417  50.7417417417
418  39.8418418418
419  34.9419419419
420  29.042042042
421  41.1421421421
422  44.2422422422
423  49.3423423423
424  35.4424424424
425  44.5425425425
426  61.6426426426
427  55.7427427427
428  22.8428428428
429  47.9429429429
430  53.043043043
431  37.1431431431
432  46.2432432432
433  44.3433433433
434  59.4434434434
435  33.5435435435
436  57.6436436436
437  53.7437437437
438  33.8438438438
439  44.9439439439
440  52.044044044
441  50.1441441441
442  32.2442442442
443  40.3443443443
444  33.4444444444
445  57.5445445445
446  39.6446446446
447  61.7447447447
448  36.8448448448
449  34.9449449449
450  48.045045045
451  37.1451451451
452  50.2452452452
453  38.3453453453
454  38.4454454454
455  34.5455455455
456  39.6456456456
457  29.7457457457
458  40.8458458458
459  43.9459459459
460  55.046046046
461  57.1461461461
462  44.2462462462
463  36.3463463463
464  62.4464464464
465  39.5465465465
466  43.6466466466
467  65.7467467467
468  39.8468468468
469  40.9469469469
470  55.047047047
471  38.1471471471
472  64.2472472472
473  43.3473473473
474  28.4474474474
475  29.5475475475
476  31.6476476476
477  36.7477477477
478  40.8478478478
479  57.9479479479
480  46.048048048
481  59.1481481481
482  34.2482482482
483  32.3483483483
484  34.4484484484
485  53.5485485485
486  33.6486486486
487  54.7487487487
488  56.8488488488
489  30.9489489489
490  39.049049049
491  34.1491491491
492  49.2492492492
493  41.3493493493
494  59.4494494494
495  42.5495495495
496  57.6496496496
497  67.7497497497
498  38.8498498498
499  32.9499499499
500  57.0500500501
501  56.1501501502
502  69.2502502503
503  55.3503503504
504  67.4504504505
505  30.5505505506
506  62.6506506507
507  47.7507507508
508  46.8508508509
509  57.950950951
510  37.0510510511
511  48.1511511512
512  44.2512512513
513  46.3513513514
514  52.4514514515
515  66.5515515516
516  66.6516516517
517  70.7517517518
518  49.8518518519
519  61.951951952
520  49.0520520521
521  48.1521521522
522  36.2522522523
523  39.3523523524
524  33.4524524525
525  52.5525525526
526  38.6526526527
527  45.7527527528
528  67.8528528529
529  70.952952953
530  46.0530530531
531  38.1531531532
532  49.2532532533
533  61.3533533534
534  62.4534534535
535  35.5535535536
536  53.6536536537
537  44.7537537538
538  61.8538538539
539  53.953953954
540  71.0540540541
541  70.1541541542
542  35.2542542543
543  60.3543543544
544  66.4544544545
545  65.5545545546
546  74.6546546547
547  50.7547547548
548  53.8548548549
549  52.954954955
550  35.0550550551
551  62.1551551552
552  46.2552552553
553  70.3553553554
554  63.4554554555
555  61.5555555556
556  47.6556556557
557  36.7557557558
558  73.8558558559
559  74.955955956
560  44.0560560561
561  42.1561561562
562  41.2562562563
563  39.3563563564
564  40.4564564565
565  51.5565565566
566  45.6566566567
567  46.7567567568
568  45.8568568569
569  63.956956957
570  45.0570570571
571  59.1571571572
572  61.2572572573
573  74.3573573574
574  58.4574574575
575  49.5575575576
576  62.6576576577
577  70.7577577578
578  43.8578578579
579  54.957957958
580  69.0580580581
581  46.1581581582
582  66.2582582583
583  54.3583583584
584  70.4584584585
585  50.5585585586
586  55.6586586587
587  73.7587587588
588  41.8588588589
589  48.958958959
590  58.0590590591
591  70.1591591592
592  71.2592592593
593  62.3593593594
594  67.4594594595
595  75.5595595596
596  54.6596596597
597  51.7597597598
598  74.8598598599
599  77.95995996
600  61.0600600601
601  42.1601601602
602  70.2602602603
603  58.3603603604
604  40.4604604605
605  49.5605605606
606  42.6606606607
607  61.7607607608
608  71.8608608609
609  69.960960961
610  60.0610610611
611  51.1611611612
612  80.2612612613
613  68.3613613614
614  76.4614614615
615  58.5615615616
616  58.6616616617
617  56.7617617618
618  60.8618618619
619  78.961961962
620  74.0620620621
621  50.1621621622
622  48.2622622623
623  51.3623623624
624  78.4624624625
625  73.5625625626
626  60.6626626627
627  58.7627627628
628  69.8628628629
629  82.962962963
630  58.0630630631
631  45.1631631632
632  46.2632632633
633  43.3633633634
634  78.4634634635
635  81.5635635636
636  52.6636636637
637  81.7637637638
638  43.8638638639
639  57.963963964
640  69.0640640641
641  56.1641641642
642  59.2642642643
643  68.3643643644
644  80.4644644645
645  76.5645645646
646  64.6646646647
647  50.7647647648
648  65.8648648649
649  78.964964965
650  65.0650650651
651  79.1651651652
652  79.2652652653
653  64.3653653654
654  71.4654654655
655  59.5655655656
656  73.6656656657
657  52.7657657658
658  75.8658658659
659  47.965965966
660  47.0660660661
661  55.1661661662
662  57.2662662663
663  75.3663663664
664  62.4664664665
665  77.5665665666
666  46.6666666667
667  46.7667667668
668  74.8668668669
669  48.966966967
670  49.0670670671
671  75.1671671672
672  82.2672672673
673  58.3673673674
674  86.4674674675
675  52.5675675676
676  72.6676676677
677  55.7677677678
678  58.8678678679
679  87.967967968
680  79.0680680681
681  85.1681681682
682  75.2682682683
683  52.3683683684
684  56.4684684685
685  85.5685685686
686  53.6686686687
687  54.7687687688
688  52.8688688689
689  59.968968969
690  52.0690690691
691  57.1691691692
692  69.2692692693
693  63.3693693694
694  53.4694694695
695  49.5695695696
696  70.6696696697
697  88.7697697698
698  66.8698698699
699  89.96996997
700  64.0700700701
701  63.1701701702
702  58.2702702703
703  71.3703703704
704  83.4704704705
705  56.5705705706
706  81.6706706707
707  56.7707707708
708  57.8708708709
709  51.970970971
710  85.0710710711
711  58.1711711712
712  77.2712712713
713  54.3713713714
714  61.4714714715
715  89.5715715716
716  72.6716716717
717  56.7717717718
718  57.8718718719
719  82.971971972
720  60.0720720721
721  83.1721721722
722  71.2722722723
723  60.3723723724
724  52.4724724725
725  61.5725725726
726  71.6726726727
727  84.7727727728
728  77.8728728729
729  65.972972973
730  58.0730730731
731  77.1731731732
732  86.2732732733
733  75.3733733734
734  88.4734734735
735  53.5735735736
736  78.6736736737
737  56.7737737738
738  69.8738738739
739  78.973973974
740  61.0740740741
741  60.1741741742
742  79.2742742743
743  54.3743743744
744  84.4744744745
745  90.5745745746
746  62.6746746747
747  91.7747747748
748  71.8748748749
749  73.974974975
750  83.0750750751
751  55.1751751752
752  94.2752752753
753  82.3753753754
754  70.4754754755
755  92.5755755756
756  92.6756756757
757  93.7757757758
758  79.8758758759
759  85.975975976
760  64.0760760761
761  95.1761761762
762  57.2762762763
763  62.3763763764
764  66.4764764765
765  96.5765765766
766  92.6766766767
767  62.7767767768
768  68.8768768769
769  95.976976977
770  61.0770770771
771  62.1771771772
772  92.2772772773
773  65.3773773774
774  95.4774774775
775  73.5775775776
776  75.6776776777
777  89.7777777778
778  58.8778778779
779  75.977977978
780  80.0780780781
781  79.1781781782
782  58.2782782783
783  84.3783783784
784  84.4784784785
785  60.5785785786
786  58.6786786787
787  95.7787787788
788  93.8788788789
789  62.978978979
790  69.0790790791
791  65.1791791792
792  70.2792792793
793  62.3793793794
794  94.4794794795
795  65.5795795796
796  91.6796796797
797  87.7797797798
798  60.8798798799
799  67.97997998
800  92.0800800801
801  95.1801801802
802  74.2802802803
803  72.3803803804
804  83.4804804805
805  61.5805805806
806  76.6806806807
807  85.7807807808
808  92.8808808809
809  67.980980981
810  89.0810810811
811  78.1811811812
812  77.2812812813
813  61.3813813814
814  65.4814814815
815  96.5815815816
816  70.6816816817
817  70.7817817818
818  73.8818818819
819  68.981981982
820  62.0820820821
821  69.1821821822
822  71.2822822823
823  64.3823823824
824  102.482482482
825  81.5825825826
826  69.6826826827
827  76.7827827828
828  102.882882883
829  64.982982983
830  76.0830830831
831  63.1831831832
832  78.2832832833
833  64.3833833834
834  72.4834834835
835  78.5835835836
836  68.6836836837
837  92.7837837838
838  96.8838838839
839  68.983983984
840  81.0840840841
841  70.1841841842
842  87.2842842843
843  76.3843843844
844  78.4844844845
845  71.5845845846
846  72.6846846847
847  85.7847847848
848  91.8848848849
849  81.984984985
850  103.085085085
851  81.1851851852
852  96.2852852853
853  93.3853853854
854  91.4854854855
855  94.5855855856
856  88.6856856857
857  84.7857857858
858  92.8858858859
859  81.985985986
860  101.086086086
861  100.186186186
862  69.2862862863
863  76.3863863864
864  80.4864864865
865  73.5865865866
866  76.6866866867
867  91.7867867868
868  96.8868868869
869  67.986986987
870  91.0870870871
871  81.1871871872
872  98.2872872873
873  69.3873873874
874  92.4874874875
875  88.5875875876
876  78.6876876877
877  93.7877877878
878  82.8878878879
879  72.987987988
880  75.0880880881
881  87.1881881882
882  93.2882882883
883  90.3883883884
884  101.488488488
885  101.588588589
886  105.688688689
887  83.7887887888
888  104.888888889
889  97.988988989
890  99.0890890891
891  100.189189189
892  105.289289289
893  100.389389389
894  73.4894894895
895  95.5895895896
896  101.68968969
897  88.7897897898
898  103.88988989
899  102.98998999
900  87.0900900901
901  102.19019019
902  82.2902902903
903  89.3903903904
904  83.4904904905
905  92.5905905906
906  75.6906906907
907  105.790790791
908  86.8908908909
909  95.990990991
910  108.091091091
911  98.1911911912
912  78.2912912913
913  84.3913913914
914  86.4914914915
915  83.5915915916
916  86.6916916917
917  71.7917917918
918  72.8918918919
919  87.991991992
920  93.0920920921
921  82.1921921922
922  94.2922922923
923  99.3923923924
924  90.4924924925
925  79.5925925926
926  82.6926926927
927  82.7927927928
928  106.892892893
929  72.992992993
930  94.0930930931
931  76.1931931932
932  97.2932932933
933  79.3933933934
934  77.4934934935
935  92.5935935936
936  75.6936936937
937  101.793793794
938  102.893893894
939  78.993993994
940  78.0940940941
941  101.194194194
942  100.294294294
943  94.3943943944
944  75.4944944945
945  108.594594595
946  111.694694695
947  75.7947947948
948  104.894894895
949  109.994994995
950  110.095095095
951  78.1951951952
952  100.295295295
953  77.3953953954
954  103.495495495
955  85.5955955956
956  107.695695696
957  105.795795796
958  83.8958958959
959  83.995995996
960  76.0960960961
961  101.196196196
962  77.2962962963
963  96.3963963964
964  111.496496496
965  106.596596597
966  101.696696697
967  79.7967967968
968  81.8968968969
969  95.996996997
970  103.097097097
971  116.197197197
972  98.2972972973
973  77.3973973974
974  101.497497497
975  95.5975975976
976  109.697697698
977  108.797797798
978  100.897897898
979  82.997997998
980  100.098098098
981  94.1981981982
982  95.2982982983
983  97.3983983984
984  95.4984984985
985  118.598598599
986  82.6986986987
987  116.798798799
988  100.898898899
989  81.998998999
990  88.0990990991
991  106.199199199
992  109.299299299
993  95.3993993994
994  93.4994994995
995  98.5995995996
996  103.6996997
997  109.7997998
998  88.8998998999
999  119.0

"four"
0  0.0
1  0.1001001001
2  0.2002002002
3  0.3003003003
4  0.4004004004
5  0.500500500501
6  0.600600600601
7  0.700700700701
8  0.800800800801
9  0.900900900901
10  1.001001001
11  1.1011011011
12  1.2012012012
13  1.3013013013
14  1.4014014014
15  1.5015015015
16  1.6016016016
17  1.7017017017
18  1.8018018018
19  1.9019019019
20  1.002002002
21  3.1021021021
22  1.2022022022
23  3.3023023023
24  2.4024024024
25  2.5025025025
26  3.6026026026
27  3.7027027027
28  3.8028028028
29  2.9029029029
30  2.003003003
31  2.1031031031
32  2.2032032032
33  3.3033033033
34  2.4034034034
35  4.5035035035
36  3.6036036036
37  4.7037037037
38  4.8038038038
39  4.9039039039
40  2.004004004
41  5.1041041041
42  4.2042042042
43  3.3043043043
44  6.4044044044
45  2.5045045045
46  6.6046046046
47  4.7047047047
48  4.8048048048
49  2.9049049049
50  6.00500500501
51  6.10510510511
52  4.20520520521
53  4.30530530531
54  7.40540540541
55  5.50550550551
56  7.60560560561
57  6.70570570571
58  4.80580580581
59  4.90590590591
60  3.00600600601
61  4.10610610611
62  6.20620620621
63  5.30630630631
64  6.40640640641
65  9.50650650651
66  9.60660660661
67  7.70670670671
68  6.80680680681
69  8.90690690691
70  6.00700700701
71  9.10710710711
72  7.20720720721
73  9.30730730731
74  5.40740740741
75  10.5075075075
76  9.60760760761
77  4.70770770771
78  7.80780780781
79  7.90790790791
80  5.00800800801
81  8.10810810811
82  8.20820820821
83  11.3083083083
84  7.40840840841
85  7.50850850851
86  9.60860860861
87  7.70870870871
88  11.8088088088
89  4.90890890891
90  7.00900900901
91  7.10910910911
92  5.20920920921
93  10.3093093093
94  10.4094094094
95  11.5095095095
96  8.60960960961
97  10.7097097097
98  6.80980980981
99  11.9099099099
100  15.01001001
101  10.1101101101
102  6.21021021021
103  12.3103103103
104  8.41041041041
105  5.51051051051
106  7.61061061061
107  9.71071071071
108  11.8108108108
109  9.91091091091
110  11.011011011
111  14.1111111111
112  14.2112112112
113  13.3113113113
114  9.41141141141
115  16.5115115115
116  10.6116116116
117  9.71171171171
118  16.8118118118
119  9.91191191191
120  7.01201201201
121  18.1121121121
122  15.2122122122
123  11.3123123123
124  11.4124124124
125  7.51251251251
126  10.6126126126
127  11.7127127127
128  15.8128128128
129  13.9129129129
130  12.013013013
131  17.1131131131
132  13.2132132132
133  18.3133133133
134  18.4134134134
135  8.51351351351
136  16.6136136136
137  15.7137137137
138  15.8138138138
139  15.9139139139
140  13.014014014
141  12.1141141141
142  9.21421421421
143  13.3143143143
144  7.41441441441
145  18.5145145145
146  11.6146146146
147  21.7147147147
148  17.8148148148
149  14.9149149149
150  11.015015015
151  19.1151151151
152  15.2152152152
153  19.3153153153
154  13.4154154154
155  18.5155155155
156  15.6156156156
157  16.7157157157
158  19.8158158158
159  15.9159159159
160  18.016016016
161  22.1161161161
162  16.2162162162
163  8.31631631632
164  17.4164164164
165  13.5165165165
166  13.6166166166
167  18.7167167167
168  9.81681681682
169  17.9169169169
170  19.017017017
171  15.1171171171
172  14.2172172172
173  16.3173173173
174  10.4174174174
175  14.5175175175
176  12.6176176176
177  11.7177177177
178  22.8178178178
179  24.9179179179
180  10.018018018
181  25.1181181181
182  18.2182182182
183  18.3183183183
184  15.4184184184
185  27.5185185185
186  18.6186186186
187  27.7187187187
188  15.8188188188
189  20.9189189189
190  12.019019019
191  12.1191191191
192  18.2192192192
193  28.3193193193
194  27.4194194194
195  22.5195195195
196  22.6196196196
197  13.7197197197
198  19.8198198198
199  11.9199199199
200  20.02002002
201  18.1201201201
202  17.2202202202
203  23.3203203203
204  22.4204204204
205  23.5205205205
206  17.6206206206
207  17.7207207207
208  30.8208208208
209  13.9209209209
210  14.021021021
211  21.1211211211
212  11.2212212212
213  19.3213213213
214  12.4214214214
215  27.5215215215
216  26.6216216216
217  16.7217217217
218  17.8218218218
219  25.9219219219
220  19.022022022
221  19.1221221221
222  12.2222222222
223  30.3223223223
224  30.4224224224
225  11.5225225225
226  24.6226226226
227  15.7227227227
228  20.8228228228
229  14.9229229229
230  29.023023023
231  24.1231231231
232  26.2232232232
233  21.3233233233
234  34.4234234234
235  25.5235235235
236  20.6236236236
237  28.7237237237
238  12.8238238238
239  27.9239239239
240  31.024024024
241  13.1241241241
242  36.2242242242
243  36.3243243243
244  31.4244244244
245  14.5245245245
246  18.6246246246
247  21.7247247247
248  15.8248248248
249  20.9249249249
250  33.025025025
251  19.1251251251
252  20.2252252252
253  14.3253253253
254  28.4254254254
255  25.5255255255
256  25.6256256256
257  29.7257257257
258  35.8258258258
259  28.9259259259
260  15.026026026
261  24.1261261261
262  30.2262262262
263  16.3263263263
264  20.4264264264
265  31.5265265265
266  33.6266266266
267  19.7267267267
268  25.8268268268
269  16.9269269269
270  31.027027027
271  34.1271271271
272  22.2272272272
273  20.3273273273
274  17.4274274274
275  17.5275275275
276  34.6276276276
277  40.7277277277
278  25.8278278278
279  32.9279279279
280  14.028028028
281  41.1281281281
282  20.2282282282
283  39.3283283283
284  41.4284284284
285  39.5285285285
286  34.6286286286
287  18.7287287287
288  22.8288288288
289  19.9289289289
290  34.029029029
291  27.1291291291
292  19.2292292292
293  36.3293293293
294  43.4294294294
295  40.5295295295
296  37.6296296296
297  18.7297297297
298  27.8298298298
299  40.9299299299
300  27.03003003
301  37.1301301301
302  31.2302302302
303  44.3303303303
304  23.4304304304
305  40.5305305305
306  33.6306306306
307  27.7307307307
308  43.8308308308
309  42.9309309309
310  27.031031031
311  33.1311311311
312  26.2312312312
313  20.3313313313
314  23.4314314314
315  43.5315315315
316  41.6316316316
317  19.7317317317
318  39.8318318318
319  39.9319319319
320  47.032032032
321  21.1321321321
322  16.2322322322
323  21.3323323323
324  29.4324324324
325  35.5325325325
326  25.6326326326
327  36.7327327327
328  16.8328328328
329  34.9329329329
330  47.033033033
331  38.1331331331
332  19.2332332332
333  46.3333333333
334  47.4334334334
335  48.5335335335
336  39.6336336336
337  43.7337337337
338  19.8338338338
339  28.9339339339
340  20.034034034
341  50.1341341341
342  44.2342342342
343  40.3343343343
344  34.4344344344
345  33.5345345345
346  46.6346346346
347  37.7347347347
348  36.8348348348
349  50.9349349349
350  37.035035035
351  29.1351351351
352  18.2352352352
353  21.3353353353
354  25.4354354354
355  49.5355355355
356  42.6356356356
357  23.7357357357
358  32.8358358358
359  33.9359359359
360  40.036036036
361  40.1361361361
362  49.2362362362
363  47.3363363363
364  46.4364364364
365  27.5365365365
366  39.6366366366
367  23.7367367367
368  45.8368368368
369  28.9369369369
370  34.037037037
371  52.1371371371
372  35.2372372372
373  51.3373373373
374  42.4374374374
375  34.5375375375
376  46.6376376376
377  39.7377377377
378  23.8378378378
379  55.9379379379
380  50.038038038
381  19.1381381381
382  52.2382382382
383  22.3383383383
384  33.4384384384
385  57.5385385385
386  34.6386386386
387  46.7387387387
388  20.8388388388
389  46.9389389389
390  25.039039039
391  45.1391391391
392  42.2392392392
393  25.3393393393
394  55.4394394394
395  53.5395395395
396  55.6396396396
397  46.7397397397
398  44.8398398398
399  38.9399399399
400  43.04004004
401  30.1401401401
402  33.2402402402
403  51.3403403403
404  37.4404404404
405  40.5405405405
406  46.6406406406
407  48.7407407407
408  29.8408408408
409  54.9409409409
410  48.041041041
411  30.1411411411
412  48.2412412412
413  39.3413413413
414  39.4414414414
415  60.5415415415
416  28.6416416416
417  50.7417417417
418  39.8418418418
419  57.9419419419
420  61.042042042
421  28.1421421421
422  22.2422422422
423  38.3423423423
424  63.4424424424
425  43.5425425425
426  34.6426426426
427  63.7427427427
428  32.8428428428
429  59.9429429429
430  52.043043043
431  64.1431431431
432  24.2432432432
433  40.3433433433
434  57.4434434434
435  34.5435435435
436  58.6436436436
437  51.7437437437
438  54.8438438438
439  55.9439439439
440  42.044044044
441  24.1441441441
442  56.2442442442
443  47.3443443443
444  40.4444444444
445  34.5445445445
446  55.6446446446
447  49.7447447447
448  35.8448448448
449  29.9449449449
450  39.045045045
451  63.1451451451
452  67.2452452452
453  39.3453453453
454  62.4454454454
455  62.5455455455
456  57.6456456456
457  66.7457457457
458  57.8458458458
459  38.9459459459
460  50.046046046
461  40.1461461461
462  35.2462462462
463  59.3463463463
464  50.4464464464
465  26.5465465465
466  59.6466466466
467  38.7467467467
468  43.8468468468
469  29.9469469469
470  60.047047047
471  45.1471471471
472  29.2472472472
473  41.3473473473
474  56.4474474474
475  49.5475475475
476  70.6476476476
477  42.7477477477
478  42.8478478478
479  24.9479479479
480  37.048048048
481  27.1481481481
482  43.2482482482
483  33.3483483483
484  44.4484484484
485  65.5485485485
486  43.6486486486
487  60.7487487487
488  38.8488488488
489  40.9489489489
490  67.049049049
491  44.1491491491
492  27.2492492492
493  60.3493493493
494  60.4494494494
495  67.5495495495
496  71.6496496496
497  66.7497497497
498  52.8498498498
499  63.9499499499
500  41.0500500501
501  68.1501501502
502  49.2502502503
503  46.3503503504
504  75.4504504505
505  35.5505505506
506  63.6506506507
507  53.7507507508
508  26.8508508509
509  64.950950951
510  43.0510510511
511  66.1511511512
512  59.2512512513
513  28.3513513514
514  65.4514514515
515  29.5515515516
516  63.6516516517
517  53.7517517518
518  55.8518518519
519  30.951951952
520  39.0520520521
521  47.1521521522
522  63.2522522523
523  51.3523523524
524  45.4524524525
525  71.5525525526
526  34.6526526527
527  34.7527527528
528  68.8528528529
529  61.952952953
530  68.0530530531
531  48.1531531532
532  32.2532532533
533  46.3533533534
534  69.4534534535
535  69.5535535536
536  57.6536536537
537  67.7537537538
538  68.8538538539
539  79.953953954
540  37.0540540541
541  62.1541541542
542  53.2542542543
543  55.3543543544
544  44.4544544545
545  67.5545545546
546  54.6546546547
547  79.7547547548
548  39.8548548549
549  68.954954955
550  77.0550550551
551  61.1551551552
552  64.2552552553
553  60.3553553554
554  75.4554554555
555  34.5555555556
556  78.6556556557
557  74.7557557558
558  34.8558558559
559  60.955955956
560  41.0560560561
561  78.1561561562
562  84.2562562563
563  38.3563563564
564  81.4564564565
565  39.5565565566
566  78.6566566567
567  71.7567567568
568  37.8568568569
569  73.956956957
570  71.0570570571
571  51.1571571572
572  36.2572572573
573  60.3573573574
574  60.4574574575
575  47.5575575576
576  53.6576576577
577  84.7577577578
578  43.8578578579
579  83.957957958
580  58.0580580581
581  33.1581581582
582  80.2582582583
583  43.3583583584
584  63.4584584585
585  31.5585585586
586  65.6586586587
587  30.7587587588
588  29.8588588589
589  73.958958959
590  52.0590590591
591  32.1591591592
592  58.2592592593
593  45.3593593594
594  69.4594594595
595  81.5595595596
596  75.6596596597
597  50.7597597598
598  71.8598598599
599  44.95995996
600  64.0600600601
601  84.1601601602
602  78.2602602603
603  62.3603603604
604  74.4604604605
605  78.5605605606
606  58.6606606607
607  36.7607607608
608  71.8608608609
609  87.960960961
610  45.0610610611
611  61.1611611612
612  40.2612612613
613  84.3613613614
614  85.4614614615
615  52.5615615616
616  73.6616616617
617  55.7617617618
618  34.8618618619
619  51.961961962
620  41.0620620621
621  75.1621621622
622  78.2622622623
623  76.3623623624
624  84.4624624625
625  44.5625625626
626  42.6626626627
627  66.7627627628
628  68.8628628629
629  36.962962963
630  59.0630630631
631  65.1631631632
632  76.2632632633
633  43.3633633634
634  62.4634634635
635  49.5635635636
636  90.6636636637
637  76.7637637638
638  93.8638638639
639  44.963963964
640  61.0640640641
641  48.1641641642
642  45.2642642643
643  35.3643643644
644  77.4644644645
645  60.5645645646
646  66.6646646647
647  63.7647647648
648  96.8648648649
649  33.964964965
650  71.0650650651
651  67.1651651652
652  40.2652652653
653  61.3653653654
654  48.4654654655
655  56.5655655656
656  78.6656656657
657  86.7657657658
658  67.8658658659
659  97.965965966
660  98.0660660661
661  65.1661661662
662  77.2662662663
663  70.3663663664
664  95.4664664665
665  73.5665665666
666  92.6666666667
667  60.7667667668
668  91.8668668669
669  80.966966967
670  37.0670670671
671  86.1671671672
672  93.2672672673
673  42.3673673674
674  92.4674674675
675  66.5675675676
676  51.6676676677
677  75.7677677678
678  74.8678678679
679  72.967967968
680  50.0680680681
681  97.1681681682
682  76.2682682683
683  40.3683683684
684  77.4684684685
685  61.5685685686
686  85.6686686687
687  83.7687687688
688  34.8688688689
689  97.968968969
690  80.0690690691
691  80.1691691692
692  65.2692692693
693  71.3693693694
694  52.4694694695
695  58.5695695696
696  42.6696696697
697  53.7697697698
698  35.8698698699
699  93.96996997
700  78.0700700701
701  73.1701701702
702  50.2702702703
703  84.3703703704
704  47.4704704705
705  74.5705705706
706  36.6706706707
707  78.7707707708
708  94.8708708709
709  50.970970971
710  50.0710710711
711  45.1711711712
712  43.2712712713
713  80.3713713714
714  63.4714714715
715  62.5715715716
716  47.6716716717
717  57.7717717718
718  99.8718718719
719  78.971971972
720  39.0720720721
721  41.1721721722
722  52.2722722723
723  94.3723723724
724  90.4724724725
725  84.5725725726
726  82.6726726727
727  102.772772773
728  102.872872873
729  45.972972973
730  91.0730730731
731  91.1731731732
732  96.2732732733
733  63.3733733734
734  88.4734734735
735  102.573573574
736  93.6736736737
737  92.7737737738
738  96.8738738739
739  94.973973974
740  100.074074074
741  69.1741741742
742  44.2742742743
743  44.3743743744
744  42.4744744745
745  62.5745745746
746  94.6746746747
747  70.7747747748
748  45.8748748749
749  50.974974975
750  96.0750750751
751  92.1751751752
752  110.275275275
753  68.3753753754
754  39.4754754755
755  85.5755755756
756  61.6756756757
757  59.7757757758
758  41.8758758759
759  61.975975976
760  67.0760760761
761  49.1761761762
762  62.2762762763
763  104.376376376
764  105.476476476
765  79.5765765766
766  102.676676677
767  41.7767767768
768  102.876876877
769  73.976976977
770  89.0770770771
771  103.177177177
772  64.2772772773
773  76.3773773774
774  70.4774774775
775  65.5775775776
776  66.6776776777
777  79.7777777778
778  68.8778778779
779  57.977977978
780  106.078078078
781  77.1781781782
782  73.2782782783
783  39.3783783784
784  84.4784784785
785  46.5785785786
786  48.6786786787
787  104.778778779
788  105.878878879
789  44.978978979
790  110.079079079
791  44.1791791792
792  109.279279279
793  77.3793793794
794  43.4794794795
795  101.57957958
796  57.6796796797
797  44.7797797798
798  84.8798798799
799  49.97997998
800  49.0800800801
801  49.1801801802
802  73.2802802803
803  84.3803803804
804  89.4804804805
805  106.580580581
806  51.6806806807
807  110.780780781
808  64.8808808809
809  108.980980981
810  67.0810810811
811  88.1811811812
812  89.2812812813
813  53.3813813814
814  69.4814814815
815  104.581581582
816  117.681681682
817  66.7817817818
818  78.8818818819
819  56.981981982
820  84.0820820821
821  54.1821821822
822  70.2822822823
823  71.3823823824
824  76.4824824825
825  75.5825825826
826  69.6826826827
827  104.782782783
828  52.8828828829
829  82.982982983
830  91.0830830831
831  122.183183183
832  60.2832832833
833  82.3833833834
834  83.4834834835
835  77.5835835836
836  97.6836836837
837  100.783783784
838  100.883883884
839  47.983983984
840  123.084084084
841  50.1841841842
842  126.284284284
843  81.3843843844
844  87.4844844845
845  109.584584585
846  78.6846846847
847  67.7847847848
848  121.884884885
849  87.984984985
850  70.0850850851
851  124.185185185
852  67.2852852853
853  95.3853853854
854  48.4854854855
855  120.585585586
856  74.6856856857
857  103.785785786
858  94.8858858859
859  121.985985986
860  78.0860860861
861  88.1861861862
862  90.2862862863
863  72.3863863864
864  54.4864864865
865  49.5865865866
866  52.6866866867
867  118.786786787
868  54.8868868869
869  94.986986987
870  106.087087087
871  51.1871871872
872  62.2872872873
873  79.3873873874
874  85.4874874875
875  101.587587588
876  106.687687688
877  110.787787788
878  111.887887888
879  101.987987988
880  92.0880880881
881  59.1881881882
882  95.2882882883
883  76.3883883884
884  49.4884884885
885  107.588588589
886  123.688688689
887  51.7887887888
888  97.8888888889
889  75.988988989
890  127.089089089
891  117.189189189
892  63.2892892893
893  93.3893893894
894  73.4894894895
895  83.5895895896
896  56.6896896897
897  113.78978979
898  118.88988989
899  120.98998999
900  57.0900900901
901  135.19019019
902  88.2902902903
903  118.39039039
904  51.4904904905
905  118.590590591
906  60.6906906907
907  48.7907907908
908  131.890890891
909  119.990990991
910  90.0910910911
911  98.1911911912
912  90.2912912913
913  58.3913913914
914  113.491491491
915  54.5915915916
916  82.6916916917
917  78.7917917918
918  103.891891892
919  64.991991992
920  116.092092092
921  129.192192192
922  136.292292292
923  54.3923923924
924  76.4924924925
925  135.592592593
926  94.6926926927
927  75.7927927928
928  78.8928928929
929  48.992992993
930  120.093093093
931  55.1931931932
932  129.293293293
933  92.3933933934
934  49.4934934935
935  113.593593594
936  137.693693694
937  116.793793794
938  132.893893894
939  47.993993994
940  65.0940940941
941  52.1941941942
942  73.2942942943
943  101.394394394
944  105.494494494
945  57.5945945946
946  126.694694695
947  99.7947947948
948  125.894894895
949  84.994994995
950  59.0950950951
951  48.1951951952
952  129.295295295
953  92.3953953954
954  57.4954954955
955  121.595595596
956  60.6956956957
957  106.795795796
958  76.8958958959
959  98.995995996
960  103.096096096
961  124.196196196
962  109.296296296
963  51.3963963964
964  140.496496496
965  132.596596597
966  66.6966966967
967  133.796796797
968  118.896896897
969  122.996996997
970  98.0970970971
971  126.197197197
972  143.297297297
973  98.3973973974
974  112.497497497
975  108.597597598
976  80.6976976977
977  122.797797798
978  85.8978978979
979  94.997997998
980  100.098098098
981  96.1981981982
982  80.2982982983
983  115.398398398
984  86.4984984985
985  106.598598599
986  78.6986986987
987  116.798798799
988  82.8988988989
989  52.998998999
990  59.0990990991
991  135.199199199
992  124.299299299
993  67.3993993994
994  52.4994994995
995  95.5995995996
996  55.6996996997
997  98.7997997998
998  148.8998999
999  113.0

"five"
0  0.0
1  0.1001001001
2  0.2002002002
3  0.3003003003
4  0.4004004004
5  0.500500500501
6  0.600600600601
7  0.700700700701
8  0.800800800801
9  0.900900900901
10  1.001001001
11  1.1011011011
12  1.2012012012
13  1.3013013013
14  1.4014014014
15  1.5015015015
16  1.6016016016
17  1.7017017017
18  1.8018018018
19  1.9019019019
20  2.002002002
21  2.1021021021
22  2.2022022022
23  2.3023023023
24  2.4024024024
25  2.5025025025
26  2.6026026026
27  2.7027027027
28  2.8028028028
29  2.9029029029
30  3.003003003
31  3.1031031031
32  3.2032032032
33  3.3033033033
34  3.4034034034
35  3.5035035035
36  3.6036036036
37  3.7037037037
38  3.8038038038
39  3.9039039039
40  3.004004004
41  4.1041041041
42  3.2042042042
43  5.3043043043
44  4.4044044044
45  3.5045045045
46  4.6046046046
47  4.7047047047
48  5.8048048048
49  3.9049049049
50  6.00500500501
51  4.10510510511
52  5.20520520521
53  6.30530530531
54  5.40540540541
55  5.50550550551
56  4.60560560561
57  5.70570570571
58  5.80580580581
59  6.90590590591
60  7.00600600601
61  5.10610610611
62  5.20620620621
63  6.30630630631
64  6.40640640641
65  7.50650650651
66  7.60660660661
67  6.70670670671
68  6.80680680681
69  6.90690690691
70  6.00700700701
71  8.10710710711
72  7.20720720721
73  6.30730730731
74  8.40740740741
75  6.50750750751
76  6.60760760761
77  7.70770770771
78  8.80780780781
79  6.90790790791
80  8.00800800801
81  7.10810810811
82  6.20820820821
83  6.30830830831
84  6.40840840841
85  6.50850850851
86  8.60860860861
87  8.70870870871
88  8.80880880881
89  9.90890890891
90  7.00900900901
91  7.10910910911
92  8.20920920921
93  8.30930930931
94  7.40940940941
95  9.50950950951
96  10.6096096096
97  8.70970970971
98  8.80980980981
99  8.90990990991
100  12.01001001
101  12.1101101101
102  11.2102102102
103  8.31031031031
104  9.41041041041
105  10.5105105105
106  8.61061061061
107  8.71071071071
108  12.8108108108
109  11.9109109109
110  10.011011011
111  13.1111111111
112  12.2112112112
113  11.3113113113
114  9.41141141141
115  11.5115115115
116  12.6116116116
117  13.7117117117
118  12.8118118118
119  12.9119119119
120  12.012012012
121  12.1121121121
122  12.2122122122
123  15.3123123123
124  9.41241241241
125  15.5125125125
126  15.6126126126
127  9.71271271271
128  14.8128128128
129  9.91291291291
130  15.013013013
131  10.1131131131
132  14.2132132132
133  14.3133133133
134  15.4134134134
135  11.5135135135
136  15.6136136136
137  13.7137137137
138  15.8138138138
139  14.9139139139
140  11.014014014
141  15.1141141141
142  13.2142142142
143  11.3143143143
144  11.4144144144
145  12.5145145145
146  12.6146146146
147  16.7147147147
148  15.8148148148
149  17.9149149149
150  18.015015015
151  12.1151151151
152  13.2152152152
153  16.3153153153
154  14.4154154154
155  18.5155155155
156  15.6156156156
157  18.7157157157
158  14.8158158158
159  13.9159159159
160  17.016016016
161  19.1161161161
162  13.2162162162
163  19.3163163163
164  14.4164164164
165  13.5165165165
166  12.6166166166
167  20.7167167167
168  12.8168168168
169  17.9169169169
170  15.017017017
171  16.1171171171
172  20.2172172172
173  17.3173173173
174  17.4174174174
175  21.5175175175
176  15.6176176176
177  18.7177177177
178  18.8178178178
179  14.9179179179
180  16.018018018
181  19.1181181181
182  21.2182182182
183  18.3183183183
184  21.4184184184
185  14.5185185185
186  18.6186186186
187  20.7187187187
188  17.8188188188
189  17.9189189189
190  17.019019019
191  17.1191191191
192  15.2192192192
193  16.3193193193
194  16.4194194194
195  18.5195195195
196  23.6196196196
197  17.7197197197
198  19.8198198198
199  22.9199199199
200  17.02002002
201  23.1201201201
202  15.2202202202
203  23.3203203203
204  16.4204204204
205  22.5205205205
206  21.6206206206
207  19.7207207207
208  24.8208208208
209  22.9209209209
210  20.021021021
211  20.1211211211
212  21.2212212212
213  21.3213213213
214  22.4214214214
215  20.5215215215
216  20.6216216216
217  18.7217217217
218  16.8218218218
219  24.9219219219
220  26.022022022
221  18.1221221221
222  25.2222222222
223  21.3223223223
224  20.4224224224
225  25.5225225225
226  24.6226226226
227  18.7227227227
228  19.8228228228
229  19.9229229229
230  23.023023023
231  20.1231231231
232  21.2232232232
233  20.3233233233
234  20.4234234234
235  18.5235235235
236  25.6236236236
237  28.7237237237
238  20.8238238238
239  22.9239239239
240  18.024024024
241  21.1241241241
242  20.2242242242
243  30.3243243243
244  25.4244244244
245  30.5245245245
246  23.6246246246
247  23.7247247247
248  21.8248248248
249  30.9249249249
250  19.025025025
251  26.1251251251
252  30.2252252252
253  30.3253253253
254  25.4254254254
255  22.5255255255
256  29.6256256256
257  19.7257257257
258  22.8258258258
259  27.9259259259
260  24.026026026
261  20.1261261261
262  25.2262262262
263  29.3263263263
264  21.4264264264
265  27.5265265265
266  21.6266266266
267  28.7267267267
268  24.8268268268
269  28.9269269269
270  23.027027027
271  22.1271271271
272  30.2272272272
273  29.3273273273
274  22.4274274274
275  25.5275275275
276  23.6276276276
277  25.7277277277
278  25.8278278278
279  33.9279279279
280  27.028028028
281  26.1281281281
282  29.2282282282
283  21.3283283283
284  30.4284284284
285  35.5285285285
286  28.6286286286
287  31.7287287287
288  29.8288288288
289  27.9289289289
290  36.029029029
291  28.1291291291
292  33.2292292292
293  22.3293293293
294  34.4294294294
295  26.5295295295
296  25.6296296296
297  36.7297297297
298  32.8298298298
299  26.9299299299
300  32.03003003
301  35.1301301301
302  32.2302302302
303  27.3303303303
304  24.4304304304
305  29.5305305305
306  37.6306306306
307  28.7307307307
308  34.8308308308
309  24.9309309309
310  33.031031031
311  27.1311311311
312  38.2312312312
313  25.3313313313
314  26.4314314314
315  34.5315315315
316  29.6316316316
317  34.7317317317
318  27.8318318318
319  33.9319319319
320  28.032032032
321  36.1321321321
322  30.2322322322
323  38.3323323323
324  32.4324324324
325  34.5325325325
326  36.6326326326
327  37.7327327327
328  35.8328328328
329  24.9329329329
330  40.033033033
331  27.1331331331
332  32.2332332332
333  32.3333333333
334  25.4334334334
335  27.5335335335
336  25.6336336336
337  29.7337337337
338  40.8338338338
339  40.9339339339
340  36.034034034
341  35.1341341341
342  41.2342342342
343  41.3343343343
344  26.4344344344
345  33.5345345345
346  27.6346346346
347  41.7347347347
348  33.8348348348
349  42.9349349349
350  43.035035035
351  42.1351351351
352  40.2352352352
353  38.3353353353
354  35.4354354354
355  27.5355355355
356  38.6356356356
357  42.7357357357
358  39.8358358358
359  32.9359359359
360  40.036036036
361  31.1361361361
362  38.2362362362
363  42.3363363363
364  27.4364364364
365  35.5365365365
366  41.6366366366
367  33.7367367367
368  38.8368368368
369  42.9369369369
370  34.037037037
371  46.1371371371
372  32.2372372372
373  34.3373373373
374  46.4374374374
375  46.5375375375
376  39.6376376376
377  30.7377377377
378  41.8378378378
379  41.9379379379
380  36.038038038
381  34.1381381381
382  44.2382382382
383  29.3383383383
384  32.4384384384
385  47.5385385385
386  43.6386386386
387  44.7387387387
388  38.8388388388
389  31.9389389389
390  30.039039039
391  37.1391391391
392  37.2392392392
393  35.3393393393
394  36.4394394394
395  34.5395395395
396  47.6396396396
397  43.7397397397
398  46.8398398398
399  40.9399399399
400  47.04004004
401  38.1401401401
402  36.2402402402
403  50.3403403403
404  37.4404404404
405  33.5405405405
406  35.6406406406
407  37.7407407407
408  46.8408408408
409  44.9409409409
410  41.041041041
411  48.1411411411
412  49.2412412412
413  49.3413413413
414  45.4414414414
415  38.5415415415
416  32.6416416416
417  48.7417417417
418  31.8418418418
419  32.9419419419
420  41.042042042
421  50.1421421421
422  37.2422422422
423  49.3423423423
424  40.4424424424
425  32.5425425425
426  47.6426426426
427  42.7427427427
428  49.8428428428
429  37.9429429429
430  43.043043043
431  39.1431431431
432  49.2432432432
433  45.3433433433
434  41.4434434434
435  46.5435435435
436  46.6436436436
437  50.7437437437
438  35.8438438438
439  40.9439439439
440  40.044044044
441  47.1441441441
442  53.2442442442
443  44.3443443443
444  47.4444444444
445  50.5445445445
446  42.6446446446
447  39.7447447447
448  41.8448448448
449  34.9449449449
450  53.045045045
451  35.1451451451
452  50.2452452452
453  37.3453453453
454  52.4454454454
455  38.5455455455
456  52.6456456456
457  37.7457457457
458  36.8458458458
459  55.9459459459
460  56.046046046
461  51.1461461461
462  48.2462462462
463  46.3463463463
464  44.4464464464
465  53.5465465465
466  40.6466466466
467  39.7467467467
468  39.8468468468
469  43.9469469469
470  53.047047047
471  44.1471471471
472  49.2472472472
473  41.3473473473
474  48.4474474474
475  41.5475475475
476  56.6476476476
477  44.7477477477
478  48.8478478478
479  39.9479479479
480  48.048048048
481  39.1481481481
482  46.2482482482
483  60.3483483483
484  52.4484484484
485  42.5485485485
486  48.6486486486
487  43.7487487487
488  45.8488488488
489  57.9489489489
490  49.049049049
491  43.1491491491
492  60.2492492492
493  45.3493493493
494  42.4494494494
495  43.5495495495
496  58.6496496496
497  47.7497497497
498  42.8498498498
499  51.9499499499
500  49.0500500501
501  47.1501501502
502  43.2502502503
503  46.3503503504
504  57.4504504505
505  58.5505505506
506  48.6506506507
507  46.7507507508
508  38.8508508509
509  52.950950951
510  56.0510510511
511  56.1511511512
512  40.2512512513
513  59.3513513514
514  62.4514514515
515  63.5515515516
516  40.6516516517
517  54.7517517518
518  57.8518518519
519  53.951951952
520  65.0520520521
521  46.1521521522
522  65.2522522523
523  64.3523523524
524  49.4524524525
525  64.5525525526
526  62.6526526527
527  58.7527527528
528  41.8528528529
529  59.952952953
530  54.0530530531
531  59.1531531532
532  60.2532532533
533  64.3533533534
534  50.4534534535
535  62.5535535536
536  46.6536536537
537  56.7537537538
538  59.8538538539
539  63.953953954
540  63.0540540541
541  50.1541541542
542  41.2542542543
543  59.3543543544
544  55.4544544545
545  60.5545545546
546  42.6546546547
547  59.7547547548
548  63.8548548549
549  59.954954955
550  52.0550550551
551  46.1551551552
552  65.2552552553
553  43.3553553554
554  53.4554554555
555  49.5555555556
556  58.6556556557
557  68.7557557558
558  68.8558558559
559  67.955955956
560  63.0560560561
561  44.1561561562
562  46.2562562563
563  55.3563563564
564  62.4564564565
565  63.5565565566
566  46.6566566567
567  44.7567567568
568  70.8568568569
569  47.956956957
570  53.0570570571
571  58.1571571572
572  61.2572572573
573  44.3573573574
574  55.4574574575
575  57.5575575576
576  61.6576576577
577  55.7577577578
578  52.8578578579
579  61.957957958
580  56.0580580581
581  60.1581581582
582  71.2582582583
583  61.3583583584
584  60.4584584585
585  64.5585585586
586  61.6586586587
587  53.7587587588
588  52.8588588589
589  68.958958959
590  61.0590590591
591  65.1591591592
592  69.2592592593
593  52.3593593594
594  64.4594594595
595  66.5595595596
596  68.6596596597
597  55.7597597598
598  51.8598598599
599  63.95995996
600  73.0600600601
601  51.1601601602
602  73.2602602603
603  51.3603603604
604  59.4604604605
605  72.5605605606
606  63.6606606607
607  49.7607607608
608  53.8608608609
609  45.960960961
610  64.0610610611
611  46.1611611612
612  64.2612612613
613  73.3613613614
614  75.4614614615
615  72.5615615616
616  64.6616616617
617  61.7617617618
618  56.8618618619
619  70.961961962
620  54.0620620621
621  62.1621621622
622  72.2622622623
623  52.3623623624
624  50.4624624625
625  62.5625625626
626  48.6626626627
627  73.7627627628
628  57.8628628629
629  72.962962963
630  73.0630630631
631  57.1631631632
632  74.2632632633
633  52.3633633634
634  55.4634634635
635  51.5635635636
636  67.6636636637
637  70.7637637638
638  51.8638638639
639  67.963963964
640  77.0640640641
641  56.1641641642
642  70.2642642643
643  78.3643643644
644  72.4644644645
645  56.5645645646
646  72.6646646647
647  54.7647647648
648  71.8648648649
649  75.964964965
650  73.0650650651
651  57.1651651652
652  53.2652652653
653  75.3653653654
654  56.4654654655
655  67.5655655656
656  58.6656656657
657  77.7657657658
658  51.8658658659
659  66.965965966
660  65.0660660661
661  53.1661661662
662  54.2662662663
663  68.3663663664
664  57.4664664665
665  66.5665665666
666  68.6666666667
667  59.7667667668
668  63.8668668669
669  57.966966967
670  54.0670670671
671  78.1671671672
672  71.2672672673
673  80.3673673674
674  57.4674674675
675  73.5675675676
676  62.6676676677
677  59.7677677678
678  59.8678678679
679  77.967967968
680  75.0680680681
681  65.1681681682
682  63.2682682683
683  69.3683683684
684  76.4684684685
685  52.5685685686
686  53.6686686687
687  54.7687687688
688  72.8688688689
689  80.968968969
690  57.0690690691
691  84.1691691692
692  58.2692692693
693  85.3693693694
694  80.4694694695
695  58.5695695696
696  54.6696696697
697  64.7697697698
698  52.8698698699
699  62.96996997
700  53.0700700701
701  53.1701701702
702  62.2702702703
703  74.3703703704
704  61.4704704705
705  70.5705705706
706  67.6706706707
707  70.7707707708
708  72.8708708709
709  74.970970971
710  56.0710710711
711  64.1711711712
712  73.2712712713
713  74.3713713714
714  75.4714714715
715  87.5715715716
716  59.6716716717
717  82.7717717718
718  62.8718718719
719  82.971971972
720  74.0720720721
721  57.1721721722
722  55.2722722723
723  87.3723723724
724  71.4724724725
725  81.5725725726
726  69.6726726727
727  54.7727727728
728  73.8728728729
729  57.972972973
730  65.0730730731
731  91.1731731732
732  85.2732732733
733  62.3733733734
734  79.4734734735
735  87.5735735736
736  87.6736736737
737  78.7737737738
738  76.8738738739
739  56.973973974
740  90.0740740741
741  84.1741741742
742  80.2742742743
743  60.3743743744
744  91.4744744745
745  65.5745745746
746  60.6746746747
747  88.7747747748
748  89.8748748749
749  75.974974975
750  74.0750750751
751  79.1751751752
752  83.2752752753
753  79.3753753754
754  77.4754754755
755  58.5755755756
756  73.6756756757
757  90.7757757758
758  79.8758758759
759  59.975975976
760  86.0760760761
761  66.1761761762
762  67.2762762763
763  78.3763763764
764  84.4764764765
765  90.5765765766
766  71.6766766767
767  94.7767767768
768  66.8768768769
769  62.976976977
770  58.0770770771
771  74.1771771772
772  91.2772772773
773  85.3773773774
774  61.4774774775
775  79.5775775776
776  70.6776776777
777  63.7777777778
778  94.8778778779
779  60.977977978
780  96.0780780781
781  79.1781781782
782  82.2782782783
783  97.3783783784
784  81.4784784785
785  91.5785785786
786  80.6786786787
787  76.7787787788
788  96.8788788789
789  90.978978979
790  64.0790790791
791  65.1791791792
792  66.2792792793
793  69.3793793794
794  78.4794794795
795  88.5795795796
796  68.6796796797
797  83.7797797798
798  91.8798798799
799  69.97997998
800  81.0800800801
801  79.1801801802
802  100.28028028
803  76.3803803804
804  70.4804804805
805  77.5805805806
806  60.6806806807
807  75.7807807808
808  91.8808808809
809  90.980980981
810  88.0810810811
811  61.1811811812
812  70.2812812813
813  85.3813813814
814  85.4814814815
815  87.5815815816
816  73.6816816817
817  78.7817817818
818  94.8818818819
819  95.981981982
820  97.0820820821
821  85.1821821822
822  81.2822822823
823  76.3823823824
824  88.4824824825
825  88.5825825826
826  65.6826826827
827  83.7827827828
828  62.8828828829
829  66.982982983
830  96.0830830831
831  93.1831831832
832  96.2832832833
833  77.3833833834
834  100.483483483
835  101.583583584
836  88.6836836837
837  97.7837837838
838  67.8838838839
839  72.983983984
840  71.0840840841
841  71.1841841842
842  87.2842842843
843  86.3843843844
844  105.484484484
845  94.5845845846
846  101.684684685
847  90.7847847848
848  100.884884885
849  82.984984985
850  106.085085085
851  66.1851851852
852  71.2852852853
853  79.3853853854
854  88.4854854855
855  90.5855855856
856  101.685685686
857  104.785785786
858  95.8858858859
859  100.985985986
860  70.0860860861
861  89.1861861862
862  81.2862862863
863  91.3863863864
864  72.4864864865
865  71.5865865866
866  70.6866866867
867  101.786786787
868  98.8868868869
869  101.986986987
870  66.0870870871
871  101.187187187
872  102.287287287
873  95.3873873874
874  93.4874874875
875  99.5875875876
876  100.687687688
877  106.787787788
878  101.887887888
879  74.987987988
880  76.0880880881
881  86.1881881882
882  69.2882882883
883  88.3883883884
884  107.488488488
885  86.5885885886
886  103.688688689
887  97.7887887888
888  75.8888888889
889  89.988988989
890  95.0890890891
891  99.1891891892
892  80.2892892893
893  83.3893893894
894  109.489489489
895  72.5895895896
896  100.68968969
897  72.7897897898
898  108.88988989
899  83.98998999
900  101.09009009
901  102.19019019
902  84.2902902903
903  94.3903903904
904  107.49049049
905  101.590590591
906  100.690690691
907  107.790790791
908  87.8908908909
909  102.990990991
910  74.0910910911
911  95.1911911912
912  100.291291291
913  87.3913913914
914  89.4914914915
915  103.591591592
916  81.6916916917
917  95.7917917918
918  113.891891892
919  76.991991992
920  78.0920920921
921  99.1921921922
922  98.2922922923
923  111.392392392
924  73.4924924925
925  73.5925925926
926  93.6926926927
927  88.7927927928
928  109.892892893
929  110.992992993
930  78.0930930931
931  86.1931931932
932  95.2932932933
933  72.3933933934
934  72.4934934935
935  92.5935935936
936  89.6936936937
937  93.7937937938
938  103.893893894
939  103.993993994
940  109.094094094
941  85.1941941942
942  100.294294294
943  110.394394394
944  72.4944944945
945  108.594594595
946  78.6946946947
947  96.7947947948
948  78.8948948949
949  88.994994995
950  73.0950950951
951  102.195195195
952  73.2952952953
953  111.395395395
954  100.495495495
955  78.5955955956
956  85.6956956957
957  110.795795796
958  109.895895896
959  117.995995996
960  110.096096096
961  93.1961961962
962  72.2962962963
963  118.396396396
964  95.4964964965
965  106.596596597
966  82.6966966967
967  76.7967967968
968  105.896896897
969  117.996996997
970  103.097097097
971  96.1971971972
972  105.297297297
973  84.3973973974
974  79.4974974975
975  77.5975975976
976  74.6976976977
977  77.7977977978
978  111.897897898
979  76.997997998
980  108.098098098
981  84.1981981982
982  89.2982982983
983  98.3983983984
984  74.4984984985
985  81.5985985986
986  89.6986986987
987  122.798798799
988  80.8988988989
989  89.998998999
990  119.099099099
991  119.199199199
992  75.2992992993
993  114.399399399
994  104.499499499
995  100.5995996
996  123.6996997
997  84.7997997998
998  87.8998998999
999  106.0
