  0 215066
  1 214987
  2 214961
  3 214909
  4 214831
  5 214831
  6 214752
  7 214595
  8 214595
  9 214360
 10 214256
 11 214099
 12 214021
 13 214021
 14 214016
 15 213995
 16 213968
 17 213916
 18 213890
 19 213890
 20 213831
 21 213760
 22 213655
 23 213498
 24 213446
 25 213420
 26 213368
 27 213342
 28 213289
 29 213289
 30 213289
 31 213263
 32 213263
 33 213240
 34 213237
 35 213237
 36 213237
 37 213106
 38 213054
 39 213054
 40 213041
 41 213018
 42 212636
 43 212636
 44 212558
 45 212506
 46 212453
 47 212453
 48 212401
 49 212401
 50 212323
 51 212297
 52 212062
 53 212062
 54 212062
 55 212044
 56 212009
 57 211853
 58 211853
 59 211826
 60 211748
 61 211617
 62 211591
 63 211565
 64 211565
 65 211435
 66 211330
 67 211200
 68 211147
 69 211043
 70 210886
 71 210834
 72 210808
 73 210755
 74 210599
 75 210546
 76 210520
 77 210348
 78 210259
 79 210259
 80 210259
 81 210207
 82 210155
 83 210155
 84 209972
 85 209893
 86 209867
 87 209789
 88 209789
 89 209737
 90 209737
 91 209684
 92 209573
 93 209528
 94 209423
 95 209397
 96 209319
 97 209188
 98 209188
 99 209136
100 209084
101 209071
102 209005
103 208953
104 208822
105 208613
106 208509
107 208509
108 208457
109 208431
110 208431
111 208378
112 208352
113 208222
114 208143
115 208065
116 208013
117 207830
118 207804
119 207725
120 207568
121 207542
122 207386
123 207333
124 207229
125 207072
126 206994
127 206994
128 206994
129 206968
130 206968
131 206942
132 206837
133 206811
134 206733
135 206733
136 206654
137 206628
138 206524
139 206524
140 206471
141 206471
142 206400
143 206367
144 206053
145 206053
146 206005
147 206001
148 206001
149 205959
150 205923
151 205897
152 205871
153 205792
154 205766
155 205740
156 205688
157 205688
158 205662
159 205662
160 205635
161 205557
162 205479
163 205332
164 205244
165 205087
166 205087
167 204956
168 204930
169 204846
170 204747
171 204721
172 204721
173 204695
174 204695
175 204643
176 204617
177 204538
178 204512
179 204303
180 204251
181 204199
182 204199
183 204078
184 203964
185 203911
186 203833
187 203807
188 203781
189 203755
190 203702
191 203637
192 203546
193 203520
194 203493
195 203415
196 203415
197 203363
198 203337
199 203337
200 203258
201 203206
202 203206
203 203206
204 203180
205 203102
206 203049
207 203023
208 202824
209 202788
210 202631
211 202631
212 202527
213 202501
214 202475
215 202396
216 202320
217 202318
218 202213
219 202213
220 202213
221 202035
222 202004
223 201586
224 201560
225 201482
226 201430
227 201247
228 201116
229 200933
230 200829
231 200724
232 200698
233 200698
234 200620
235 200594
236 200489
237 200463
238 200437
239 200437
240 200437
241 200306
242 200254
243 200253
244 200150
245 200097
246 199923
247 199862
248 199836
249 199758
250 199706
251 199706
252 199653
253 199627
254 199523
255 199340
256 199160
257 199131
258 199105
259 199086
260 198922
261 198922
262 198844
263 198661
264 198645
265 198556
266 198556
267 198191
268 198164
269 198164
270 198064
271 198060
272 198008
273 198008
274 197955
275 197825
276 197694
277 197485
278 197459
279 197459
280 197407
281 197355
282 197328
283 197276
284 197276
285 197224
286 197198
287 197146
288 197135
289 197135
290 196911
291 196702
292 196702
293 196702
294 196675
295 196545
296 196519
297 196466
298 196466
299 196440
300 196388
301 196388
302 196336
303 196284
304 196257
305 196231
306 196231
307 196205
308 196179
309 196101
310 196101
311 196075
312 195996
313 195944
314 195840
315 195813
316 195604
317 195578
318 195526
319 195500
320 195239
321 195186
322 195108
323 195004
324 194899
325 194873
326 194873
327 194821
328 194821
329 194768
330 194690
331 194612
332 194560
333 194429
334 194403
335 194220
336 194194
337 194089
338 194063
339 193906
340 193880
341 193854
342 193828
343 193750
344 193750
345 193722
346 193619
347 193593
348 193560
349 193515
350 193410
351 193410
352 193280
353 193253
354 193188
355 193175
356 193149
357 193149
358 193123
359 193123
360 192992
361 192940
362 192862
363 192757
364 192731
365 192679
366 192653
367 192653
368 192653
369 192626
370 192600
371 192496
372 192496
373 192391
374 192339
375 192339
376 192329
377 192078
378 192052
379 191933
380 191686
381 191660
382 191634
383 191582
384 191555
385 191503
386 191503
387 191477
388 191451
389 191320
390 191320
391 191268
392 191216
393 190667
394 190589
395 190484
396 190458
397 190432
398 190406
399 190354
400 190354
401 190275
402 190197
403 190119
404 190119
405 190093
406 189988
407 189936
408 189675
409 189675
410 189675
411 189596
412 189492
413 189466
414 189440
415 189387
416 189257
417 189257
418 189231
419 189178
420 189171
421 189152
422 189022
423 189008
424 188786
425 188786
426 188630
427 188577
428 188499
429 188473
430 188395
431 188212
432 188212
433 188160
434 188133
435 187794
436 187637
437 187546
438 187428
439 187350
440 187219
441 187141
442 187010
443 186958
444 186801
445 186723
446 186723
447 186435
448 186226
449 186044
450 186044
451 185965
452 185965
453 185835
454 185808
455 185730
456 185338
457 185293
458 185260
459 185208
460 185129
461 185103
462 185103
463 185077
464 185051
465 184946
466 184737
467 184555
468 184450
469 184398
470 184398
471 184320
472 184111
473 184016
474 183928
475 183902
476 183823
477 183693
478 183666
479 183640
480 183588
481 183327
482 183092
483 183066
484 183066
485 182987
486 182883
487 182726
488 182517
489 182491
490 182491
491 182321
492 182308
493 182256
494 182230
495 182099
496 182073
497 181995
498 181890
499 181838
500 181812
501 181760
502 181629
503 181603
504 181577
505 181159
506 181133
507 180950
508 180950
509 180924
510 180793
511 180636
512 180636
513 180636
514 180427
515 180401
516 180297
517 180166
518 180035
519 180035
520 179983
521 179879
522 179853
523 179826
524 179800
525 179591
526 179565
527 179408
528 179252
529 179226
530 178573
531 178364
532 178337
533 178207
534 178181
535 178155
536 177815
537 177711
538 177606
539 177606
540 177397
541 177188
542 177031
543 176953
544 176911
545 176822
546 176718
547 176457
548 176431
549 176404
550 176352
551 176326
552 176274
553 176222
554 176117
555 176013
556 175960
557 175777
558 175490
559 175464
560 175412
561 175386
562 175386
563 175333
564 175307
565 174994
566 174813
567 174680
568 174654
569 174576
570 174524
571 174471
572 174419
573 174367
574 174106
575 174001
576 173897
577 173609
578 173583
579 173087
580 173008
581 173008
582 172800
583 172710
584 172695
585 172643
586 172591
587 172486
588 172408
589 172225
590 172146
591 172120
592 172120
593 172068
594 172068
595 172016
596 171964
597 171572
598 171546
599 171389
600 171284
601 171154
602 170997
603 170788
604 170684
605 170631
606 170631
607 170553
608 170475
609 170422
610 170396
611 170292
612 170213
613 170187
614 170187
615 169926
616 169926
617 169900
618 169900
619 169795
620 169717
621 169717
622 169508
623 169325
624 169273
625 169221
626 168803
627 168777
628 168594
629 168489
630 168463
631 168437
632 168228
633 168202
634 168150
635 168071
636 167933
637 167810
638 167549
639 167392
640 167392
641 167288
642 167262
643 167235
644 167053
645 166974
646 166739
647 166687
648 166680
649 166608
650 166426
651 166295
652 166164
653 166060
654 165982
655 165825
656 165146
657 165146
658 165067
659 165067
660 164989
661 164858
662 164675
663 164493
664 164414
665 164284
666 164231
667 164127
668 163970
669 163787
670 163761
671 163604
672 163552
673 163422
674 163265
675 163239
676 163056
677 163030
678 163030
679 163004
680 162925
681 162899
682 162847
683 162716
684 162560
685 162429
686 162429
687 162220
688 162194
689 162142
690 161541
691 161539
692 161410
693 161280
694 161253
695 161253
696 161253
697 161227
698 161175
699 161149
700 161123
701 161123
702 160235
703 160235
704 160052
705 160026
706 159895
707 159791
708 159764
709 159555
710 159473
711 159216
712 159190
713 158615
714 158589
715 158589
716 158589
717 158511
718 158484
719 158458
720 158432
721 158354
722 158275
723 157988
724 157962
725 157727
726 157570
727 157387
728 157387
729 157126
730 157100
731 156786
732 156710
733 156708
734 156656
735 156268
736 156264
737 156212
738 156059
739 155794
740 155637
741 155611
742 155428
743 155428
744 154853
745 154386
746 154279
747 154148
748 154096
749 153965
750 153913
751 153901
752 153600
753 153417
754 153208
755 153155
756 153077
757 152946
758 152816
759 152659
760 152607
761 152555
762 152424
763 152293
764 152163
765 152084
766 151849
767 151823
768 151706
769 151693
770 151640
771 151536
772 151170
773 150230
774 149995
775 149995
776 149655
777 149472
778 149394
779 149342
780 149315
781 149263
782 149093
783 149080
784 149054
785 148871
786 148793
787 148636
788 148558
789 148401
790 148192
791 147670
792 147591
793 147226
794 146938
795 146782
796 146703
797 146677
798 146599
799 146494
800 145606
801 144875
802 144613
803 144483
804 144352
805 144326
806 144195
807 143830
808 143830
809 143725
810 143673
811 143637
812 143595
813 143595
814 143464
815 143288
816 143281
817 142889
818 142602
819 142132
820 142081
821 142080
822 142027
823 141923
824 141520
825 141453
826 141270
827 141008
828 140930
829 140852
830 140826
831 140460
832 140434
833 140329
834 140199
835 140146
836 139990
837 139598
838 139337
839 139200
840 139154
841 138266
842 137717
843 137639
844 137482
845 137482
846 137273
847 137221
848 137168
849 136986
850 136803
851 136254
852 135888
853 135732
854 135732
855 135523
856 135053
857 134948
858 134896
859 134739
860 134191
861 134164
862 133851
863 133768
864 133459
865 133172
866 133093
867 133093
868 132932
869 132832
870 132702
871 132493
872 132310
873 132231
874 132022
875 131918
876 131787
877 131317
878 130063
879 129666
880 129410
881 129358
882 129227
883 128757
884 128339
885 128078
886 127869
887 127555
888 127399
889 126641
890 126615
891 126615
892 126511
893 126040
894 125361
895 125152
896 125152
897 122880
898 122801
899 122671
900 121808
901 121704
902 121652
903 120816
904 120528
905 120463
906 120000
907 119196
908 119040
909 118804
910 118726
911 117080
912 116767
913 116767
914 116218
915 116088
916 115931
917 115591
918 115461
919 114520
920 112875
921 112712
922 112613
923 112352
924 110266
925 108435
926 107807
927 107206
928 106396
929 106266
930 105926
931 105639
932 105586
933 105064
934 104986
935 103157
936 102630
937 102556
938 102164
939 101293
940 100858
941 100153
942 99369
943 99108
944 98115
945 96914
946 96888
947 95738
948 94720
949 90331
950 90148
951 89730
952 89547
953 88894
954 88868
955 88764
956 86987
957 84532
958 84088
959 83487
960 82860
961 80613
962 76303
963 74919
964 72463
965 71941
966 71627
967 69194
968 69120
969 66639
970 65593
971 65488
972 63764
973 56111
974 55902
975 53733
976 52218
977 51780
978 49737
979 48013
980 47333
981 45191
982 43232
983 42240
984 41900
985 39131
986 38164
987 37120
988 34168
989 33619
990 33149
991 32287
992 29048
993 21211
994 11650
995 7941
996 6635
997 6373
998 4884
999 1071
